  0.0000000e+000
  0.0000000e+000
  0.0000000e+000
  0.0000000e+000
  0.0000000e+000
  0.0000000e+000
  0.0000000e+000
  0.0000000e+000
  0.0000000e+000
  0.0000000e+000
  0.0000000e+000
  0.0000000e+000
  0.0000000e+000
  0.0000000e+000
  0.0000000e+000
  0.0000000e+000
  0.0000000e+000
  0.0000000e+000
  0.0000000e+000
  0.0000000e+000
  0.0000000e+000
  0.0000000e+000
  0.0000000e+000
  0.0000000e+000
  0.0000000e+000
  0.0000000e+000
  0.0000000e+000
  0.0000000e+000
  0.0000000e+000
  0.0000000e+000
  0.0000000e+000
  0.0000000e+000
  0.0000000e+000
  0.0000000e+000
  0.0000000e+000
  0.0000000e+000
  0.0000000e+000
  0.0000000e+000
  0.0000000e+000
  0.0000000e+000
  0.0000000e+000
  0.0000000e+000
  0.0000000e+000
  0.0000000e+000
  0.0000000e+000
  0.0000000e+000
  0.0000000e+000
  0.0000000e+000
  0.0000000e+000
  0.0000000e+000
  0.0000000e+000
  0.0000000e+000
  0.0000000e+000
  0.0000000e+000
  0.0000000e+000
  0.0000000e+000
  0.0000000e+000
  0.0000000e+000
  0.0000000e+000
  0.0000000e+000
  0.0000000e+000
  0.0000000e+000
  0.0000000e+000
  0.0000000e+000
  0.0000000e+000
  0.0000000e+000
  0.0000000e+000
  0.0000000e+000
  0.0000000e+000
  0.0000000e+000
  0.0000000e+000
  0.0000000e+000
  0.0000000e+000
  0.0000000e+000
  0.0000000e+000
  0.0000000e+000
  0.0000000e+000
  0.0000000e+000
  0.0000000e+000
  0.0000000e+000
  0.0000000e+000
  0.0000000e+000
  0.0000000e+000
  0.0000000e+000
  0.0000000e+000
  0.0000000e+000
  0.0000000e+000
  0.0000000e+000
  0.0000000e+000
  0.0000000e+000
  0.0000000e+000
  0.0000000e+000
  0.0000000e+000
  0.0000000e+000
  0.0000000e+000
  0.0000000e+000
  0.0000000e+000
  0.0000000e+000
  0.0000000e+000
  0.0000000e+000
  0.0000000e+000
  0.0000000e+000
  0.0000000e+000
  0.0000000e+000
  0.0000000e+000
  0.0000000e+000
  0.0000000e+000
  0.0000000e+000
  0.0000000e+000
  0.0000000e+000
  0.0000000e+000
  0.0000000e+000
  0.0000000e+000
  0.0000000e+000
  2.1257492e+000
  4.7057676e+000
  6.8747834e+000
  2.2219195e+000
  2.3823373e+000
  0.0000000e+000
  0.0000000e+000
  3.4798522e+000
  2.3566556e+000
  4.0057680e+000
  6.1057667e+000
  7.2257660e+000
  7.3657659e+000
  6.3857665e+000
  1.5217547e+001
  2.1772944e+001
  2.5199303e+001
  1.1493865e+001
  1.3397398e+001
  2.8244956e+001
  3.7800492e+001
  3.8902241e+001
  3.6882284e+001
  3.2337380e+001
  4.1565399e+001
  1.0356904e+001
  1.4452074e+000
  5.3233144e-001
  1.0160843e+000
  5.5651799e+000
  8.5319573e+000
  1.9116649e+001
  1.4718087e+001
  1.9479237e+001
  2.5183540e+001
  3.7367503e+001
  1.7784338e+001
  2.1572107e+001
  8.5572646e+001
  2.3687681e+001
  1.6335472e+001
  1.9498864e+001
  2.0345836e+000
  5.7589131e+000
  2.3451208e+000
  5.0882536e+000
  1.4373597e+001
  1.0607873e+001
  1.1066319e+001
  8.1669679e+000
  1.5466755e+001
  3.0514412e+001
  8.3442499e+000
  8.0684185e+000
  7.6394157e+000
  8.6158085e+000
  1.0114173e+001
  2.4104991e+000
  1.2237732e+001
  3.2442492e+001
  2.5021899e+001
  1.3714758e+001
  4.7126960e+000
  9.6380644e+000
  5.2258319e+000
  6.6432946e+000
  9.1947275e+000
  6.7850409e+000
  4.7232270e+000
  5.4991826e+000
  8.3442499e+000
  2.1883257e+001
  2.2128343e+000
  6.1888855e+000
  7.0817954e+000
  6.7126454e+000
  7.8733316e+000
  2.4609088e+001
  3.9047429e+000
  7.6847317e+000
  5.7601377e+000
  8.3442499e+000
  9.9034589e+000
  2.7935550e+001
  9.5586120e-001
  1.2352789e+000
  1.3749878e+000
  1.4623058e+000
  3.3774195e+001
  2.3432531e+000
  7.2883432e-001
  7.3700223e+000
  1.2003517e+000
  1.1654245e+000
  1.1654245e+000
  1.3749878e+000
  1.6585463e+000
  1.2702061e+000
  1.2876697e+000
  3.7558453e+000
  1.2352789e+000
  4.4425436e+000
  8.3361596e-001
  1.2527425e+000
  1.4273786e+000
  1.5146966e+000
  1.3051333e+000
  2.5164379e+001
  2.5685149e+001
  3.9702580e-001
  4.4941662e-001
  1.6999891e-001
  2.0362177e+000
  3.4463498e-001
  4.8434383e-001
  7.2883432e-001
  7.4629793e-001
  1.0082520e+000
  4.1076354e+000
  1.1628580e+001
  4.1530643e+000
  2.7687096e-001
  0.0000000e+000
  0.0000000e+000
  3.0455805e+000
  2.0765322e+000
  2.7687096e-001
  3.4885741e+001
  2.8024462e+000
  5.3098253e+001
  4.0460470e-001
  4.2434346e+000
  7.3402569e+000
  2.1453146e+000
  0.0000000e+000
  1.4710779e+000
  1.3468003e+001
  2.5974323e+001
  8.1152818e+000
  9.6590682e+000
  6.1139741e+000
  4.7753666e-002
  1.3507170e-001
  4.1784529e-001
  1.9378634e-001
  1.3507170e-001
  3.0290060e-002
  1.6999891e-001
  3.2717137e-001
  5.7823275e-001
  2.3985334e-001
  3.5610593e+001
  4.0727122e+000
  1.2393327e+000
  0.0000000e+000
  0.0000000e+000
  6.2120808e+000
  3.9338704e+001
  1.9499826e-001
  2.4610242e+000
  0.0000000e+000
  4.0156864e+000
  5.6410077e+000
  2.1169951e+000
  6.9138219e+000
  4.4699157e+000
  4.3859782e+000
  2.9417380e+000
  2.2683532e+000
  3.1519345e+000
  4.8734984e+000
  3.4677305e+000
  2.7010313e+000
  0.0000000e+000
  2.2196178e+000
  4.7699706e-004
  0.0000000e+000
  0.0000000e+000
  0.0000000e+000
  0.0000000e+000
  0.0000000e+000
  0.0000000e+000
  0.0000000e+000
  0.0000000e+000
  0.0000000e+000
  0.0000000e+000
  0.0000000e+000
  0.0000000e+000
  0.0000000e+000
  0.0000000e+000
  0.0000000e+000
  0.0000000e+000
  0.0000000e+000
  0.0000000e+000
  0.0000000e+000
  0.0000000e+000
  0.0000000e+000
  0.0000000e+000
  0.0000000e+000
  0.0000000e+000
  0.0000000e+000
  0.0000000e+000
  0.0000000e+000
  0.0000000e+000
  0.0000000e+000
  0.0000000e+000
  0.0000000e+000
  0.0000000e+000
  0.0000000e+000
  0.0000000e+000
  0.0000000e+000
  0.0000000e+000
  0.0000000e+000
  0.0000000e+000
  0.0000000e+000
  0.0000000e+000
  0.0000000e+000
  0.0000000e+000
  0.0000000e+000
  0.0000000e+000
  0.0000000e+000
  0.0000000e+000
  0.0000000e+000
  0.0000000e+000
  0.0000000e+000
  0.0000000e+000
  0.0000000e+000
  0.0000000e+000
  0.0000000e+000
  0.0000000e+000
  0.0000000e+000
  0.0000000e+000
  0.0000000e+000
  0.0000000e+000
  0.0000000e+000
  0.0000000e+000
  0.0000000e+000
  0.0000000e+000
  0.0000000e+000
  0.0000000e+000
  0.0000000e+000
  0.0000000e+000
  0.0000000e+000
  0.0000000e+000
  0.0000000e+000
  0.0000000e+000
  0.0000000e+000
  0.0000000e+000
  0.0000000e+000
  0.0000000e+000
  0.0000000e+000
  0.0000000e+000
  0.0000000e+000
  0.0000000e+000
  0.0000000e+000
  0.0000000e+000
  0.0000000e+000
  0.0000000e+000
  0.0000000e+000
  0.0000000e+000
  0.0000000e+000
  0.0000000e+000
  0.0000000e+000
  0.0000000e+000
  0.0000000e+000
  0.0000000e+000
  0.0000000e+000
  0.0000000e+000
  0.0000000e+000
  0.0000000e+000
  0.0000000e+000
  0.0000000e+000
  0.0000000e+000
  0.0000000e+000
  0.0000000e+000
  0.0000000e+000
  0.0000000e+000
  0.0000000e+000
  0.0000000e+000
  0.0000000e+000
  0.0000000e+000
  0.0000000e+000
  0.0000000e+000
  0.0000000e+000
  0.0000000e+000
  0.0000000e+000
  0.0000000e+000
  0.0000000e+000
  0.0000000e+000
  0.0000000e+000
  0.0000000e+000
  0.0000000e+000
  0.0000000e+000
  0.0000000e+000
  0.0000000e+000
  0.0000000e+000
  0.0000000e+000
  0.0000000e+000
  0.0000000e+000
  0.0000000e+000
  0.0000000e+000
  0.0000000e+000
  0.0000000e+000
  0.0000000e+000
  0.0000000e+000
  0.0000000e+000
  0.0000000e+000
  0.0000000e+000
  0.0000000e+000
  0.0000000e+000
  0.0000000e+000
  0.0000000e+000
  0.0000000e+000
  0.0000000e+000
  0.0000000e+000
  0.0000000e+000
  0.0000000e+000
  0.0000000e+000
  0.0000000e+000
  0.0000000e+000
  0.0000000e+000
  0.0000000e+000
  0.0000000e+000
  0.0000000e+000
  0.0000000e+000
  0.0000000e+000
  0.0000000e+000
  0.0000000e+000
  0.0000000e+000
  0.0000000e+000
  0.0000000e+000
  0.0000000e+000
  0.0000000e+000
  0.0000000e+000
  0.0000000e+000
  0.0000000e+000
  0.0000000e+000
  0.0000000e+000
  0.0000000e+000
  0.0000000e+000
  0.0000000e+000
  0.0000000e+000
  0.0000000e+000
  0.0000000e+000
  0.0000000e+000
  0.0000000e+000
  0.0000000e+000
  0.0000000e+000
  0.0000000e+000
  0.0000000e+000
  0.0000000e+000
  0.0000000e+000
  0.0000000e+000
  0.0000000e+000
  0.0000000e+000
  0.0000000e+000
  0.0000000e+000
  0.0000000e+000
  0.0000000e+000
  0.0000000e+000
  0.0000000e+000
  0.0000000e+000
  0.0000000e+000
  0.0000000e+000
  5.5792673e-001
  4.4115514e+000
  2.0483219e+000
  5.8057140e-001
  7.5451227e+000
  5.7175024e+000
  5.3041477e+000
  5.1257673e+000
  5.4057671e+000
  5.4057671e+000
  8.6257651e+000
  7.9257656e+000
  6.3995613e+000
  8.3784050e+000
  1.1985921e+001
  1.0234166e+001
  1.4920224e+001
  1.9309371e+001
  1.8570504e+001
  1.0780591e+001
  1.0732452e+001
  1.2721749e+001
  1.6240262e+001
  1.7965877e+001
  1.4158811e+001
  1.6062344e+001
  2.2002414e+001
  3.1343193e+001
  0.0000000e+000
  7.3794803e+000
  2.1011530e+001
  2.9387076e+001
  4.0211747e+001
  4.5953123e+001
  4.9575389e+001
  1.8798824e+001
  3.1327402e+001
  3.0606797e+001
  3.9986782e+001
  2.0304376e+001
  1.9897410e+001
  7.7632782e+000
  1.3641809e+001
  2.4956479e+001
  2.5862354e+001
  2.9701341e+001
  3.3351235e+001
  6.4654694e+001
  2.5685881e+001
  2.6906506e+001
  1.8382921e+000
  1.6771046e+000
  1.1651999e+001
  1.6392848e+001
  2.4030900e+001
  2.0813923e+001
  2.1563327e+001
  3.4075908e+001
  3.1631634e+001
  4.3789516e+001
  3.9723881e+001
  3.6532538e+001
  1.2645525e+001
  1.5896399e+001
  1.7809227e+001
  2.2781116e+001
  3.6668385e+001
  9.0380639e+000
  1.2962294e+001
  1.6779412e+001
  1.4046357e+001
  9.3364738e+000
  1.1320922e+001
  2.5765647e+001
  3.1217385e+000
  2.5003252e+000
  5.7928170e+000
  2.1467467e+001
  7.2603692e+001
  1.1370192e+000
  6.2355184e+000
  2.5684591e+000
  1.0012041e+001
  2.0744571e+001
  9.1577298e+000
  1.2836921e+001
  9.1947275e+000
  1.1669836e+001
  5.4548333e+000
  2.6246079e+000
  1.8866867e+000
  3.9326489e+000
  8.9112350e+000
  1.4792132e+001
  4.2336080e+000
  6.9267871e+000
  1.2454892e+001
  1.2171399e+001
  1.7376681e+001
  4.8818468e+000
  7.4937722e+000
  1.1462668e+001
  1.7074413e+001
  1.7917751e+001
  8.3442499e+000
  1.0186951e+001
  1.5975039e+001
  9.7571674e+000
  5.9302978e+000
  1.7466809e+001
  3.6209858e-001
  5.1927104e-001
  7.9868875e-001
  3.1857065e+000
  1.1304973e+000
  7.2883432e-001
  8.3361596e-001
  9.0347038e-001
  3.4606327e+000
  7.9868875e-001
  1.0257156e+000
  2.1480660e+001
  1.0660625e+001
  1.1835225e+001
  1.0715412e+000
  7.4629793e-001
  2.3272278e+001
  1.1953701e+000
  6.7028788e-001
  3.8751988e-001
  5.0188023e+000
  0.0000000e+000
  0.0000000e+000
  3.4618054e+000
  8.3707394e+000
  1.0160843e+000
  2.2196178e+000
  1.3270676e+001
  1.0040601e+001
  2.1912185e+001
  0.0000000e+000
  1.6556277e+000
  2.0628038e+000
  4.5897106e+001
  7.2302545e-002
  2.5017044e+000
  1.2574985e+000
  3.0320611e+000
  7.3218727e+000
  8.3100329e+000
  3.2106813e-001
  7.4363029e+000
  6.6745894e+001
  5.1751736e+001
  7.5210397e+001
  7.1236566e+000
  0.0000000e+000
  5.8088243e+000
  0.0000000e+000
  0.0000000e+000
  4.5055627e-001
  2.2375029e+001
  0.0000000e+000
  0.0000000e+000
  0.0000000e+000
  0.0000000e+000
  8.0463506e+000
  7.4885862e+000
  8.3753353e+000
  3.3187228e+000
  4.5657677e+000
  6.0525481e+000
  3.3625479e+001
  2.8468482e+001
  1.2027471e+001
  4.8749565e-001
  2.4444365e-002
  3.0736012e+000
  1.2567910e+000
  2.1411610e-015
  6.6992572e-001
  0.0000000e+000
  0.0000000e+000
  0.0000000e+000
  0.0000000e+000
  0.0000000e+000
  0.0000000e+000
  0.0000000e+000
  0.0000000e+000
  0.0000000e+000
  0.0000000e+000
  0.0000000e+000
  1.8221984e+000
  3.5550323e+000
  0.0000000e+000
  0.0000000e+000
  6.4871600e-003
  2.2850103e+000
  0.0000000e+000
  0.0000000e+000
  0.0000000e+000
  0.0000000e+000
  0.0000000e+000
  0.0000000e+000
  0.0000000e+000
  0.0000000e+000
  0.0000000e+000
  0.0000000e+000
  0.0000000e+000
  0.0000000e+000
  0.0000000e+000
  0.0000000e+000
  0.0000000e+000
  0.0000000e+000
  0.0000000e+000
  0.0000000e+000
  0.0000000e+000
  0.0000000e+000
  0.0000000e+000
  0.0000000e+000
  0.0000000e+000
  0.0000000e+000
  0.0000000e+000
  0.0000000e+000
  0.0000000e+000
  0.0000000e+000
  0.0000000e+000
  0.0000000e+000
  0.0000000e+000
  0.0000000e+000
  0.0000000e+000
  0.0000000e+000
  0.0000000e+000
  0.0000000e+000
  0.0000000e+000
  0.0000000e+000
  0.0000000e+000
  0.0000000e+000
  0.0000000e+000
  0.0000000e+000
  0.0000000e+000
  0.0000000e+000
  0.0000000e+000
  0.0000000e+000
  0.0000000e+000
  0.0000000e+000
  0.0000000e+000
  0.0000000e+000
  0.0000000e+000
  0.0000000e+000
  0.0000000e+000
  0.0000000e+000
  0.0000000e+000
  0.0000000e+000
  0.0000000e+000
  0.0000000e+000
  0.0000000e+000
  0.0000000e+000
  0.0000000e+000
  0.0000000e+000
  0.0000000e+000
  0.0000000e+000
  0.0000000e+000
  0.0000000e+000
  0.0000000e+000
  0.0000000e+000
  0.0000000e+000
  0.0000000e+000
  0.0000000e+000
  0.0000000e+000
  0.0000000e+000
  0.0000000e+000
  0.0000000e+000
  0.0000000e+000
  0.0000000e+000
  0.0000000e+000
  0.0000000e+000
  0.0000000e+000
  0.0000000e+000
  0.0000000e+000
  0.0000000e+000
  0.0000000e+000
  0.0000000e+000
  0.0000000e+000
  0.0000000e+000
  0.0000000e+000
  0.0000000e+000
  0.0000000e+000
  0.0000000e+000
  0.0000000e+000
  0.0000000e+000
  0.0000000e+000
  0.0000000e+000
  0.0000000e+000
  0.0000000e+000
  0.0000000e+000
  0.0000000e+000
  0.0000000e+000
  0.0000000e+000
  0.0000000e+000
  0.0000000e+000
  0.0000000e+000
  0.0000000e+000
  0.0000000e+000
  0.0000000e+000
  0.0000000e+000
  0.0000000e+000
  0.0000000e+000
  0.0000000e+000
  0.0000000e+000
  0.0000000e+000
  0.0000000e+000
  0.0000000e+000
  0.0000000e+000
  0.0000000e+000
  0.0000000e+000
  0.0000000e+000
  0.0000000e+000
  0.0000000e+000
  0.0000000e+000
  0.0000000e+000
  0.0000000e+000
  0.0000000e+000
  0.0000000e+000
  0.0000000e+000
  0.0000000e+000
  0.0000000e+000
  0.0000000e+000
  0.0000000e+000
  0.0000000e+000
  0.0000000e+000
  0.0000000e+000
  0.0000000e+000
  0.0000000e+000
  0.0000000e+000
  0.0000000e+000
  0.0000000e+000
  0.0000000e+000
  0.0000000e+000
  0.0000000e+000
  0.0000000e+000
  0.0000000e+000
  0.0000000e+000
  0.0000000e+000
  0.0000000e+000
  0.0000000e+000
  0.0000000e+000
  0.0000000e+000
  0.0000000e+000
  0.0000000e+000
  0.0000000e+000
  0.0000000e+000
  0.0000000e+000
  0.0000000e+000
  0.0000000e+000
  0.0000000e+000
  0.0000000e+000
  0.0000000e+000
  0.0000000e+000
  0.0000000e+000
  0.0000000e+000
  0.0000000e+000
  0.0000000e+000
  0.0000000e+000
  0.0000000e+000
  0.0000000e+000
  0.0000000e+000
  0.0000000e+000
  0.0000000e+000
  0.0000000e+000
  5.0594199e+000
  6.6657664e+000
  8.2057654e+000
  8.7728012e+000
  6.2457666e+000
  6.9457662e+000
  9.4282388e+000
  2.0175004e+000
  3.7203781e+000
  7.3657659e+000
  1.1385763e+001
  1.0351745e+001
  1.4158811e+001
  6.9253854e+000
  1.3778105e+001
  1.0541149e+001
  9.5665096e+000
  1.5681638e+001
  1.4379930e+001
  4.8549755e+001
  9.3657719e+000
  4.6789246e+000
  4.2138053e+000
  9.5368198e+000
  2.0392567e+001
  3.6824707e+001
  3.2713201e+001
  2.7864250e+001
  2.4675274e+001
  1.2547927e+001
  1.9726735e+001
  2.5651499e+001
  2.6860970e+001
  3.1832391e+001
  4.2437166e+001
  5.2935172e+001
  3.4017699e+001
  2.6848028e+001
  0.0000000e+000
  4.9362938e+000
  4.5331243e+001
  4.5259216e+001
  1.2163541e+000
  2.8977852e+000
  5.1830989e-002
  9.0395224e+000
  9.9919148e+000
  1.3641809e+001
  2.0941596e+001
  1.9116649e+001
  1.8751660e+001
  2.3496522e+001
  3.6927045e+001
  1.7559564e+001
  2.5321469e+001
  2.8971362e+001
  3.5176182e+001
  5.4854025e+001
  4.1445574e+001
  4.9187345e+001
  2.8094849e+001
  3.2724893e+001
  3.9804768e+001
  4.0373953e+001
  4.1903765e+001
  3.8668954e+001
  4.6875654e+001
  3.8844141e+001
  4.1179209e+001
  4.1148149e+001
  2.3163569e+001
  2.7386494e+001
  2.7753005e+001
  2.8900363e+001
  4.7701194e+001
  1.2998375e+001
  1.1281850e+001
  2.0104202e+001
  9.7617126e+000
  1.2880131e+001
  1.6631538e+001
  2.9902681e+001
  3.1201918e+001
  6.9538351e+000
  1.1887907e+001
  1.4297593e+001
  1.2313146e+001
  1.1604414e+001
  1.2454892e+001
  1.2029653e+001
  1.2596638e+001
  9.7617126e+000
  1.0186951e+001
  9.4782200e+000
  1.1022589e+001
  2.0242032e+001
  1.1887907e+001
  1.2029653e+001
  1.4155847e+001
  1.4155847e+001
  2.1558791e+001
  2.9868469e+001
  2.9333510e+001
  1.2003517e+000
  2.3773846e+001
  3.8111505e+000
  1.2732003e+000
  1.3529182e+001
  4.3195301e-001
  5.8912547e-001
  1.1622155e+000
  2.5737601e+001
  4.5539172e+000
  1.2893322e+000
  5.8179791e-001
  9.7218196e-001
  1.0781064e+000
  6.5567548e+000
  8.8407001e-001
  3.5934443e+000
  8.4424292e-001
  6.2405268e-001
  6.0658907e-001
  7.6376153e-001
  1.2223010e+001
  1.5009257e+001
  2.5778475e+001
  2.6941430e+000
  6.9448005e-001
  4.7753666e-002
  1.0014449e-001
  1.5995353e+000
  1.4351583e+000
  2.9783847e+001
  4.2003276e-001
  3.1360586e+000
  3.8459263e+000
  1.2747357e+001
  1.7345163e+001
  1.7595379e+001
  0.0000000e+000
  5.9243606e+000
  0.0000000e+000
  0.0000000e+000
  1.2177852e+000
  2.0541597e-001
  1.8084854e+000
  1.6776659e+001
  7.6201268e+001
  1.6362176e+001
  3.4945865e+000
  5.8686555e+000
  7.7658373e+000
  3.7431519e+000
  2.1274772e+000
  2.7488905e+000
  2.7488905e+000
  1.2360738e+001
  8.1156922e+000
  1.0793550e+000
  0.0000000e+000
  0.0000000e+000
  0.0000000e+000
  0.0000000e+000
  9.4696759e-002
  0.0000000e+000
  2.9396416e-001
  5.0877841e+000
  1.0089332e+000
  0.0000000e+000
  0.0000000e+000
  0.0000000e+000
  0.0000000e+000
  0.0000000e+000
  2.7788921e-001
  6.1639422e+000
  1.5187372e-016
  1.1052127e-001
  1.6123597e-001
  8.2850192e-002
  4.7915382e-001
  0.0000000e+000
  0.0000000e+000
  0.0000000e+000
  0.0000000e+000
  0.0000000e+000
  1.2029552e+000
  1.6257695e+000
  2.7854537e+000
  7.4377276e+000
  8.3989806e+000
  1.9007660e+001
  6.8523185e-001
  3.3959944e+000
  0.0000000e+000
  3.5010963e-001
  0.0000000e+000
  0.0000000e+000
  0.0000000e+000
  0.0000000e+000
  0.0000000e+000
  0.0000000e+000
  2.1945933e+000
  0.0000000e+000
  0.0000000e+000
  0.0000000e+000
  0.0000000e+000
  0.0000000e+000
  0.0000000e+000
  0.0000000e+000
  0.0000000e+000
  0.0000000e+000
  0.0000000e+000
  0.0000000e+000
  0.0000000e+000
  0.0000000e+000
  0.0000000e+000
  0.0000000e+000
  0.0000000e+000
  0.0000000e+000
  0.0000000e+000
  0.0000000e+000
  0.0000000e+000
  0.0000000e+000
  0.0000000e+000
  0.0000000e+000
  0.0000000e+000
  0.0000000e+000
  0.0000000e+000
  0.0000000e+000
  0.0000000e+000
  0.0000000e+000
  0.0000000e+000
  0.0000000e+000
  0.0000000e+000
  0.0000000e+000
  0.0000000e+000
  0.0000000e+000
  0.0000000e+000
  0.0000000e+000
  0.0000000e+000
  0.0000000e+000
  0.0000000e+000
  0.0000000e+000
  0.0000000e+000
  0.0000000e+000
  0.0000000e+000
  0.0000000e+000
  0.0000000e+000
  0.0000000e+000
  0.0000000e+000
  0.0000000e+000
  0.0000000e+000
  0.0000000e+000
  0.0000000e+000
  0.0000000e+000
  0.0000000e+000
  0.0000000e+000
  0.0000000e+000
  0.0000000e+000
  0.0000000e+000
  0.0000000e+000
  0.0000000e+000
  0.0000000e+000
  0.0000000e+000
  0.0000000e+000
  0.0000000e+000
  0.0000000e+000
  0.0000000e+000
  0.0000000e+000
  0.0000000e+000
  0.0000000e+000
  0.0000000e+000
  0.0000000e+000
  0.0000000e+000
  0.0000000e+000
  0.0000000e+000
  0.0000000e+000
  0.0000000e+000
  0.0000000e+000
  0.0000000e+000
  0.0000000e+000
  0.0000000e+000
  0.0000000e+000
  0.0000000e+000
  0.0000000e+000
  0.0000000e+000
  0.0000000e+000
  0.0000000e+000
  0.0000000e+000
  0.0000000e+000
  0.0000000e+000
  0.0000000e+000
  0.0000000e+000
  0.0000000e+000
  0.0000000e+000
  0.0000000e+000
  0.0000000e+000
  0.0000000e+000
  0.0000000e+000
  0.0000000e+000
  0.0000000e+000
  0.0000000e+000
  0.0000000e+000
  0.0000000e+000
  0.0000000e+000
  0.0000000e+000
  0.0000000e+000
  0.0000000e+000
  0.0000000e+000
  0.0000000e+000
  0.0000000e+000
  0.0000000e+000
  0.0000000e+000
  0.0000000e+000
  0.0000000e+000
  0.0000000e+000
  0.0000000e+000
  0.0000000e+000
  0.0000000e+000
  0.0000000e+000
  0.0000000e+000
  0.0000000e+000
  0.0000000e+000
  0.0000000e+000
  0.0000000e+000
  0.0000000e+000
  0.0000000e+000
  0.0000000e+000
  0.0000000e+000
  0.0000000e+000
  0.0000000e+000
  0.0000000e+000
  0.0000000e+000
  0.0000000e+000
  0.0000000e+000
  0.0000000e+000
  0.0000000e+000
  0.0000000e+000
  0.0000000e+000
  0.0000000e+000
  0.0000000e+000
  0.0000000e+000
  0.0000000e+000
  0.0000000e+000
  0.0000000e+000
  0.0000000e+000
  0.0000000e+000
  0.0000000e+000
  0.0000000e+000
  0.0000000e+000
  0.0000000e+000
  0.0000000e+000
  0.0000000e+000
  0.0000000e+000
  0.0000000e+000
  0.0000000e+000
  0.0000000e+000
  0.0000000e+000
  0.0000000e+000
  0.0000000e+000
  0.0000000e+000
  0.0000000e+000
  0.0000000e+000
  0.0000000e+000
  0.0000000e+000
  0.0000000e+000
  0.0000000e+000
  0.0000000e+000
  0.0000000e+000
  0.0000000e+000
  0.0000000e+000
  0.0000000e+000
  2.5937596e+000
  8.9057649e+000
  7.0857661e+000
  1.3009310e+001
  6.0345942e+000
  8.6859399e+000
  1.0428738e+001
  0.0000000e+000
  0.0000000e+000
  0.0000000e+000
  2.4175669e+000
  9.2230559e+000
  4.8535173e+000
  1.3457697e+000
  9.2576996e-001
  2.3257691e+000
  4.4257678e+000
  7.9257656e+000
  9.8857643e+000
  2.0309965e+001
  1.7479989e+001
  1.5681638e+001
  2.5960717e+001
  4.2593097e+001
  2.7154444e+001
  3.3547548e+000
  8.7700442e+000
  1.5947086e+001
  1.8166872e+001
  1.7720407e+001
  7.5806183e+000
  6.9253854e+000
  1.3778105e+001
  1.6147877e+001
  1.0230753e+001
  2.3054912e+001
  0.0000000e+000
  4.3743448e+000
  3.9945671e+000
  6.9253854e+000
  1.1113158e+001
  1.5300931e+001
  2.3838181e+001
  2.6987836e+001
  3.7381915e+001
  4.7529898e+001
  4.5195505e+001
  4.4483431e+001
  6.3941018e+000
  4.3182111e+000
  2.2107822e+001
  4.0417209e+001
  4.7487059e+001
  5.0012005e+001
  6.7892632e+001
  3.2986245e+001
  4.6993087e+001
  4.1204622e+001
  5.8908137e+001
  2.4048940e+001
  2.1922876e+001
  2.3546022e+001
  2.9282816e+001
  3.4637158e+001
  3.6931876e+001
  3.5019611e+001
  3.5019611e+001
  4.0024856e+001
  4.2585211e+001
  3.7443395e+001
  3.1959987e+001
  3.1944049e+001
  2.8900363e+001
  3.3107346e+001
  3.9609047e+001
  4.3816030e+001
  4.8405466e+001
  4.4198483e+001
  4.1521312e+001
  7.6856730e+001
  1.4014101e+001
  1.5856802e+001
  1.8436903e+001
  1.1887907e+001
  1.1037429e+001
  1.2393372e+001
  1.4194469e+001
  1.1975344e+001
  1.0895683e+001
  1.0328698e+001
  1.1179175e+001
  1.1887907e+001
  1.7390693e+001
  1.7232564e+001
  2.7146683e+001
  7.9190110e+000
  1.0186951e+001
  4.4273008e+001
  2.1660083e+001
  1.1640336e+001
  8.6589197e+000
  6.5015483e+000
  6.0763095e+000
  4.5171005e+000
  5.3675781e+000
  1.8710420e+001
  8.6474288e+000
  9.8388539e+000
  5.5093244e+000
  1.8031909e+001
  4.2741028e+000
  7.8039753e+000
  3.1091433e+000
  4.6584247e+001
  0.0000000e+000
  3.6945747e+000
  4.1405912e+000
  1.0884175e+000
  5.1257673e+000
  8.2495034e+000
  2.0469792e+001
  2.8651067e-002
  2.3910618e+000
  9.2001124e+000
  1.4099942e+001
  1.0833700e+001
  6.9315966e+000
  1.3261183e+001
  1.6196734e+001
  6.6802794e+001
  2.9490003e+000
  1.2316797e+001
  2.4603245e+000
  4.3653455e+000
  7.7558722e+000
  1.8093683e+001
  1.8029635e+001
  1.7120624e+000
  7.5358696e+000
  1.7382044e+000
  6.0108757e+000
  4.1531594e+000
  2.2151953e-001
  1.2595706e+000
  8.4943762e+000
  3.6482305e+000
  0.0000000e+000
  0.0000000e+000
  7.7097958e-001
  4.0968274e+000
  5.1080984e+000
  1.1948781e+001
  2.2261301e+001
  3.9843019e+000
  5.1180254e-001
  5.1180254e-001
  1.6303465e+000
  3.8674345e+000
  1.7546292e+000
  3.8751988e-001
  0.0000000e+000
  0.0000000e+000
  0.0000000e+000
  0.0000000e+000
  0.0000000e+000
  0.0000000e+000
  0.0000000e+000
  0.0000000e+000
  0.0000000e+000
  0.0000000e+000
  0.0000000e+000
  0.0000000e+000
  0.0000000e+000
  0.0000000e+000
  0.0000000e+000
  0.0000000e+000
  1.8579210e-002
  4.6518654e-001
  0.0000000e+000
  0.0000000e+000
  0.0000000e+000
  0.0000000e+000
  0.0000000e+000
  0.0000000e+000
  0.0000000e+000
  0.0000000e+000
  0.0000000e+000
  0.0000000e+000
  0.0000000e+000
  4.0798428e-001
  2.9391124e+000
  2.9177749e+000
  5.0470556e-001
  0.0000000e+000
  5.5317356e-001
  0.0000000e+000
  0.0000000e+000
  0.0000000e+000
  0.0000000e+000
  0.0000000e+000
  0.0000000e+000
  0.0000000e+000
  0.0000000e+000
  0.0000000e+000
  0.0000000e+000
  0.0000000e+000
  0.0000000e+000
  0.0000000e+000
  0.0000000e+000
  0.0000000e+000
  0.0000000e+000
  0.0000000e+000
  0.0000000e+000
  0.0000000e+000
  0.0000000e+000
  0.0000000e+000
  0.0000000e+000
  0.0000000e+000
  0.0000000e+000
  0.0000000e+000
  0.0000000e+000
  0.0000000e+000
  0.0000000e+000
  0.0000000e+000
  0.0000000e+000
  0.0000000e+000
  0.0000000e+000
  0.0000000e+000
  0.0000000e+000
  0.0000000e+000
  0.0000000e+000
  0.0000000e+000
  0.0000000e+000
  0.0000000e+000
  0.0000000e+000
  0.0000000e+000
  0.0000000e+000
  0.0000000e+000
  0.0000000e+000
  0.0000000e+000
  0.0000000e+000
  0.0000000e+000
  0.0000000e+000
  0.0000000e+000
  0.0000000e+000
  0.0000000e+000
  0.0000000e+000
  0.0000000e+000
  0.0000000e+000
  0.0000000e+000
  0.0000000e+000
  0.0000000e+000
  0.0000000e+000
  0.0000000e+000
  0.0000000e+000
  0.0000000e+000
  0.0000000e+000
  0.0000000e+000
  0.0000000e+000
  0.0000000e+000
  0.0000000e+000
  0.0000000e+000
  0.0000000e+000
  0.0000000e+000
  0.0000000e+000
  0.0000000e+000
  0.0000000e+000
  0.0000000e+000
  0.0000000e+000
  0.0000000e+000
  0.0000000e+000
  0.0000000e+000
  0.0000000e+000
  0.0000000e+000
  0.0000000e+000
  0.0000000e+000
  0.0000000e+000
  0.0000000e+000
  0.0000000e+000
  0.0000000e+000
  0.0000000e+000
  0.0000000e+000
  0.0000000e+000
  0.0000000e+000
  0.0000000e+000
  0.0000000e+000
  0.0000000e+000
  0.0000000e+000
  0.0000000e+000
  0.0000000e+000
  0.0000000e+000
  0.0000000e+000
  0.0000000e+000
  0.0000000e+000
  0.0000000e+000
  0.0000000e+000
  0.0000000e+000
  0.0000000e+000
  0.0000000e+000
  0.0000000e+000
  0.0000000e+000
  0.0000000e+000
  0.0000000e+000
  0.0000000e+000
  0.0000000e+000
  0.0000000e+000
  0.0000000e+000
  0.0000000e+000
  0.0000000e+000
  0.0000000e+000
  0.0000000e+000
  0.0000000e+000
  0.0000000e+000
  0.0000000e+000
  0.0000000e+000
  0.0000000e+000
  0.0000000e+000
  0.0000000e+000
  0.0000000e+000
  0.0000000e+000
  0.0000000e+000
  0.0000000e+000
  0.0000000e+000
  0.0000000e+000
  0.0000000e+000
  0.0000000e+000
  0.0000000e+000
  0.0000000e+000
  0.0000000e+000
  0.0000000e+000
  0.0000000e+000
  0.0000000e+000
  0.0000000e+000
  0.0000000e+000
  0.0000000e+000
  0.0000000e+000
  0.0000000e+000
  0.0000000e+000
  0.0000000e+000
  0.0000000e+000
  0.0000000e+000
  0.0000000e+000
  0.0000000e+000
  0.0000000e+000
  0.0000000e+000
  0.0000000e+000
  0.0000000e+000
  0.0000000e+000
  2.3840272e+000
  4.0057680e+000
  5.4057671e+000
  5.2657672e+000
  5.5457671e+000
  5.8080983e+000
  4.1989246e+000
  3.7257682e+000
  5.6857670e+000
  7.4842243e+000
  1.2255278e+001
  1.6328792e+001
  6.7120192e+000
  1.6403201e+001
  0.0000000e+000
  0.0000000e+000
  0.0000000e+000
  0.0000000e+000
  2.2161641e+000
  3.5857683e+000
  9.1287641e+000
  1.1418459e+001
  9.5903318e+000
  1.5843426e+001
  1.3826006e+001
  8.8659340e+000
  2.0630824e+001
  2.4057183e+001
  3.3947850e+001
  1.9287820e+001
  4.4095342e+001
  5.0031387e+000
  0.0000000e+000
  1.2894458e+000
  4.8048340e+000
  1.3097784e+001
  1.6277402e+001
  2.5793698e+001
  1.7865547e+001
  3.9713349e+001
  8.2253839e+000
  8.7471626e+000
  2.6781426e+001
  3.1891277e+001
  2.6051447e+001
  1.7793486e+001
  1.7484663e+001
  2.6781426e+001
  3.0796309e+001
  3.4811192e+001
  3.5176182e+001
  3.1909060e+001
  2.7753005e+001
  3.1959987e+001
  3.6549423e+001
  6.3723866e+001
  8.9112350e+000
  7.3520260e+000
  7.7772648e+000
  6.7850409e+000
  6.5015483e+000
  8.3442499e+000
  7.9190110e+000
  7.0675389e+000
  5.6714580e+000
  1.3976982e+000
  3.0784854e+000
  6.9743209e-001
  8.9383556e+000
  1.6303465e+000
  2.5003252e+000
  5.1480778e+000
  7.4937722e+000
  9.4105027e+000
  1.0470080e+001
  1.6426246e+000
  5.1501386e+000
  9.5391055e+000
  1.8095522e+001
  1.4594909e+001
  4.7146230e+001
  4.5379594e+000
  5.6328615e+000
  2.3541076e+001
  1.7438396e+001
  3.3154400e+001
  1.1250686e+001
  1.1887907e+001
  1.2880131e+001
  1.1746160e+001
  9.7617126e+000
  7.9190110e+000
  6.9267871e+000
  8.3442499e+000
  7.0685334e+000
  8.0607573e+000
  3.7193512e+001
  1.0867077e+001
  7.6355185e+000
  9.1947275e+000
  1.3342987e+001
  8.3672334e+000
  1.1037429e+001
  1.7342419e+001
  8.2025036e+000
  2.5860599e+001
  4.9905959e+000
  7.6084475e+000
  3.3846039e-001
  5.7704625e+000
  2.3386047e+000
  9.9747229e+000
  9.7332481e-001
  1.0257156e+000
  3.2788729e+001
  1.6821808e+001
  3.9139740e+000
  1.0440377e+000
  3.4463498e-001
  3.4463498e-001
  2.3985334e-001
  4.6688022e-001
  5.3673465e-001
  1.2894171e+000
  1.0987319e+000
  7.5096368e+000
  2.7478055e-001
  7.4629793e-001
  7.5161483e+000
  3.3846039e-001
  1.0004538e+001
  3.4185031e+001
  5.6048084e-002
  7.6753039e-002
  0.0000000e+000
  0.0000000e+000
  0.0000000e+000
  0.0000000e+000
  0.0000000e+000
  1.3450826e-001
  0.0000000e+000
  0.0000000e+000
  0.0000000e+000
  0.0000000e+000
  0.0000000e+000
  0.0000000e+000
  0.0000000e+000
  1.6040309e+001
  0.0000000e+000
  1.3330811e+000
  4.3938008e+000
  1.8309213e+000
  5.1080984e+000
  1.3715477e+001
  7.6036788e-001
  1.0541177e+000
  1.3706778e+000
  3.2679415e-001
  3.5047790e-001
  1.1147526e-002
  8.7591818e-002
  0.0000000e+000
  9.7893987e+000
  6.3663912e+000
  0.0000000e+000
  2.8637470e+000
  9.9884704e+000
  2.4517882e-002
  1.0713458e-001
  0.0000000e+000
  0.0000000e+000
  1.6456557e-001
  9.2963702e-001
  0.0000000e+000
  0.0000000e+000
  3.1124349e-002
  9.3640715e-001
  0.0000000e+000
  3.6151273e-002
  1.1248865e+000
  9.2547258e+000
  0.0000000e+000
  0.0000000e+000
  0.0000000e+000
  0.0000000e+000
  0.0000000e+000
  1.5869184e+000
  2.2577040e-001
  6.4577013e-001
  2.4657690e+000
  2.1857692e+000
  3.0257686e+000
  0.0000000e+000
  2.7854537e+000
  3.0145958e+000
  2.6560392e-016
  0.0000000e+000
  0.0000000e+000
  0.0000000e+000
  1.0070056e-001
  7.8577004e-001
  0.0000000e+000
  0.0000000e+000
  0.0000000e+000
  0.0000000e+000
  0.0000000e+000
  0.0000000e+000
  0.0000000e+000
  0.0000000e+000
  0.0000000e+000
  0.0000000e+000
  0.0000000e+000
  0.0000000e+000
  0.0000000e+000
  0.0000000e+000
  0.0000000e+000
  0.0000000e+000
  0.0000000e+000
  0.0000000e+000
  0.0000000e+000
  0.0000000e+000
  0.0000000e+000
  0.0000000e+000
  0.0000000e+000
  0.0000000e+000
  0.0000000e+000
  0.0000000e+000
  0.0000000e+000
  0.0000000e+000
  0.0000000e+000
  0.0000000e+000
  0.0000000e+000
  0.0000000e+000
  0.0000000e+000
  0.0000000e+000
  0.0000000e+000
  0.0000000e+000
  0.0000000e+000
  0.0000000e+000
  0.0000000e+000
  0.0000000e+000
  0.0000000e+000
  0.0000000e+000
  0.0000000e+000
  0.0000000e+000
  0.0000000e+000
  0.0000000e+000
  0.0000000e+000
  0.0000000e+000
  0.0000000e+000
  0.0000000e+000
  0.0000000e+000
  0.0000000e+000
  0.0000000e+000
  0.0000000e+000
  0.0000000e+000
  0.0000000e+000
  0.0000000e+000
  0.0000000e+000
  0.0000000e+000
  0.0000000e+000
  0.0000000e+000
  0.0000000e+000
  0.0000000e+000
  0.0000000e+000
  0.0000000e+000
  0.0000000e+000
  0.0000000e+000
  0.0000000e+000
  0.0000000e+000
  0.0000000e+000
  0.0000000e+000
  0.0000000e+000
  0.0000000e+000
  0.0000000e+000
  0.0000000e+000
  0.0000000e+000
  0.0000000e+000
  0.0000000e+000
  0.0000000e+000
  0.0000000e+000
  0.0000000e+000
  0.0000000e+000
  0.0000000e+000
  0.0000000e+000
  0.0000000e+000
  0.0000000e+000
  0.0000000e+000
  0.0000000e+000
  0.0000000e+000
  0.0000000e+000
  0.0000000e+000
  0.0000000e+000
  0.0000000e+000
  0.0000000e+000
  0.0000000e+000
  0.0000000e+000
  0.0000000e+000
  0.0000000e+000
  0.0000000e+000
  0.0000000e+000
  0.0000000e+000
  0.0000000e+000
  0.0000000e+000
  0.0000000e+000
  0.0000000e+000
  0.0000000e+000
  0.0000000e+000
  0.0000000e+000
  0.0000000e+000
  0.0000000e+000
  0.0000000e+000
  0.0000000e+000
  0.0000000e+000
  0.0000000e+000
  0.0000000e+000
  0.0000000e+000
  0.0000000e+000
  0.0000000e+000
  0.0000000e+000
  0.0000000e+000
  0.0000000e+000
  0.0000000e+000
  0.0000000e+000
  0.0000000e+000
  0.0000000e+000
  0.0000000e+000
  0.0000000e+000
  0.0000000e+000
  0.0000000e+000
  0.0000000e+000
  0.0000000e+000
  0.0000000e+000
  0.0000000e+000
  0.0000000e+000
  0.0000000e+000
  0.0000000e+000
  0.0000000e+000
  0.0000000e+000
  0.0000000e+000
  0.0000000e+000
  0.0000000e+000
  0.0000000e+000
  0.0000000e+000
  0.0000000e+000
  0.0000000e+000
  0.0000000e+000
  0.0000000e+000
  0.0000000e+000
  0.0000000e+000
  0.0000000e+000
  0.0000000e+000
  0.0000000e+000
  0.0000000e+000
  0.0000000e+000
  0.0000000e+000
  0.0000000e+000
  9.7484214e-001
  5.9602041e+000
  0.0000000e+000
  0.0000000e+000
  7.8577004e-001
  0.0000000e+000
  0.0000000e+000
  0.0000000e+000
  0.0000000e+000
  5.0577022e-001
  0.0000000e+000
  0.0000000e+000
  0.0000000e+000
  0.0000000e+000
  3.8070038e-001
  5.3793596e+000
  2.1889599e+000
  1.2167540e+000
  5.8087709e+000
  1.0960083e+000
  2.4728831e+000
  1.7657694e+000
  4.8457675e+000
  8.4857652e+000
  1.1395898e+001
  5.7671388e+000
  0.0000000e+000
  0.0000000e+000
  0.0000000e+000
  0.0000000e+000
  0.0000000e+000
  4.9512355e+000
  6.6657664e+000
  1.1796022e+001
  2.5085215e+001
  2.6341423e+001
  1.8155627e+001
  2.5991469e+001
  2.1719692e+001
  1.6823758e+001
  2.9252513e+001
  2.2279853e+001
  1.0351745e+001
  1.5672734e+001
  1.9207659e+001
  3.3585291e+001
  3.1327402e+001
  3.0317423e+001
  1.9712648e+001
  2.0722627e+001
  3.8999493e+001
  1.5042622e+001
  1.7360538e+000
  1.1791628e+001
  1.1360778e+001
  1.9116649e+001
  1.5466755e+001
  2.4226500e+001
  3.9752653e+001
  3.1557571e+001
  2.8971362e+001
  3.1965042e+001
  4.0705452e+001
  4.9434718e+001
  2.1850298e+001
  2.6412025e+001
  2.2781116e+001
  3.7806781e+001
  2.0868851e+001
  1.7122214e+001
  1.6676196e+001
  1.3124189e+001
  3.2573182e+001
  1.4754589e+000
  1.1919446e+001
  3.3604461e+000
  1.5454806e+001
  1.0230249e+001
  1.2187317e+001
  8.6087878e+001
  4.0270911e+001
  4.9025680e-001
  6.0044126e+000
  2.9465733e+000
  4.2819500e+000
  1.2801662e+001
  2.6937175e+001
  1.2139325e+001
  1.1077447e+001
  2.3505768e+001
  1.4054623e+001
  9.4879246e+000
  5.2258319e+000
  6.7850409e+000
  9.3364738e+000
  2.5728232e+001
  7.3520260e+000
  1.1179175e+001
  3.6582003e+001
  2.3640230e+001
  1.4032006e+001
  5.1040406e+000
  3.9917172e+000
  6.9697851e+000
  1.1936021e+001
  1.2430723e+001
  1.5423390e+001
  1.4728294e+001
  7.4937722e+000
  1.1370949e+001
  1.0186951e+001
  9.0529812e+000
  1.5648220e+001
  2.4714601e+001
  1.4656065e+001
  1.1604414e+001
  1.3447132e+001
  4.7240259e+001
  9.3364738e+000
  1.4245525e+001
  7.9254085e+000
  1.0328698e+001
  1.8317401e+001
  1.0082520e+000
  9.3839760e-001
  1.1285365e+000
  9.3839760e-001
  9.3839760e-001
  2.2018151e+001
  5.8912547e-001
  4.3195301e-001
  5.7166186e-001
  6.7644350e-001
  1.7045128e+000
  6.9390711e-001
  8.3361596e-001
  1.1130337e+000
  1.9339642e+000
  1.9421439e+000
  1.3243723e+000
  5.1546778e+001
  1.0524122e+000
  9.3141843e-001
  9.7735785e+000
  1.1460601e+001
  8.3259113e+000
  4.4941662e-001
  3.2717137e-001
  6.9390711e-001
  4.7134639e+000
  6.0459379e+000
  3.6209858e-001
  3.6209858e-001
  1.0014449e-001
  4.4941662e-001
  9.7563969e+000
  9.6499674e+000
  0.0000000e+000
  0.0000000e+000
  2.1693325e+000
  0.0000000e+000
  0.0000000e+000
  1.0238954e-001
  1.2826453e-002
  8.2680879e-002
  1.1636139e+000
  2.9719845e-001
  0.0000000e+000
  0.0000000e+000
  0.0000000e+000
  0.0000000e+000
  0.0000000e+000
  0.0000000e+000
  0.0000000e+000
  2.4092269e-002
  1.1760809e-001
  0.0000000e+000
  0.0000000e+000
  0.0000000e+000
  0.0000000e+000
  2.0726621e+000
  4.8760761e-001
  0.0000000e+000
  1.2658191e+001
  1.2056095e+001
  2.9096820e-002
  0.0000000e+000
  0.0000000e+000
  0.0000000e+000
  0.0000000e+000
  0.0000000e+000
  2.4499855e+000
  2.6057689e+000
  1.7657694e+000
  1.0014862e+001
  0.0000000e+000
  4.1452715e+000
  0.0000000e+000
  0.0000000e+000
  0.0000000e+000
  0.0000000e+000
  0.0000000e+000
  0.0000000e+000
  0.0000000e+000
  0.0000000e+000
  0.0000000e+000
  0.0000000e+000
  0.0000000e+000
  0.0000000e+000
  5.4879035e-002
  1.3538237e+001
  5.1067794e-002
  0.0000000e+000
  0.0000000e+000
  0.0000000e+000
  0.0000000e+000
  0.0000000e+000
  0.0000000e+000
  0.0000000e+000
  0.0000000e+000
  0.0000000e+000
  0.0000000e+000
  0.0000000e+000
  0.0000000e+000
  0.0000000e+000
  0.0000000e+000
  0.0000000e+000
  0.0000000e+000
  0.0000000e+000
  0.0000000e+000
  0.0000000e+000
  0.0000000e+000
  0.0000000e+000
  0.0000000e+000
  0.0000000e+000
  0.0000000e+000
  0.0000000e+000
  0.0000000e+000
  0.0000000e+000
  0.0000000e+000
  0.0000000e+000
  0.0000000e+000
  0.0000000e+000
  0.0000000e+000
  0.0000000e+000
  0.0000000e+000
  0.0000000e+000
  0.0000000e+000
  0.0000000e+000
  0.0000000e+000
  0.0000000e+000
  0.0000000e+000
  0.0000000e+000
  0.0000000e+000
  0.0000000e+000
  0.0000000e+000
  0.0000000e+000
  0.0000000e+000
  0.0000000e+000
  0.0000000e+000
  0.0000000e+000
  0.0000000e+000
  0.0000000e+000
  0.0000000e+000
  0.0000000e+000
  0.0000000e+000
  0.0000000e+000
  0.0000000e+000
  0.0000000e+000
  0.0000000e+000
  0.0000000e+000
  0.0000000e+000
  0.0000000e+000
  0.0000000e+000
  0.0000000e+000
  0.0000000e+000
  0.0000000e+000
  0.0000000e+000
  0.0000000e+000
  0.0000000e+000
  0.0000000e+000
  0.0000000e+000
  0.0000000e+000
  0.0000000e+000
  0.0000000e+000
  0.0000000e+000
  0.0000000e+000
  0.0000000e+000
  0.0000000e+000
  0.0000000e+000
  0.0000000e+000
  0.0000000e+000
  0.0000000e+000
  0.0000000e+000
  0.0000000e+000
  0.0000000e+000
  0.0000000e+000
  0.0000000e+000
  0.0000000e+000
  0.0000000e+000
  0.0000000e+000
  0.0000000e+000
  0.0000000e+000
  0.0000000e+000
  0.0000000e+000
  0.0000000e+000
  0.0000000e+000
  0.0000000e+000
  0.0000000e+000
  0.0000000e+000
  0.0000000e+000
  0.0000000e+000
  0.0000000e+000
  0.0000000e+000
  0.0000000e+000
  0.0000000e+000
  0.0000000e+000
  0.0000000e+000
  0.0000000e+000
  0.0000000e+000
  0.0000000e+000
  0.0000000e+000
  0.0000000e+000
  0.0000000e+000
  0.0000000e+000
  0.0000000e+000
  0.0000000e+000
  0.0000000e+000
  0.0000000e+000
  0.0000000e+000
  0.0000000e+000
  0.0000000e+000
  0.0000000e+000
  0.0000000e+000
  0.0000000e+000
  0.0000000e+000
  0.0000000e+000
  0.0000000e+000
  0.0000000e+000
  0.0000000e+000
  0.0000000e+000
  0.0000000e+000
  0.0000000e+000
  0.0000000e+000
  0.0000000e+000
  0.0000000e+000
  0.0000000e+000
  0.0000000e+000
  0.0000000e+000
  0.0000000e+000
  0.0000000e+000
  0.0000000e+000
  0.0000000e+000
  0.0000000e+000
  0.0000000e+000
  1.2762602e+000
  1.5138972e+000
  3.8164916e+000
  5.3938827e+000
  0.0000000e+000
  0.0000000e+000
  0.0000000e+000
  0.0000000e+000
  0.0000000e+000
  0.0000000e+000
  0.0000000e+000
  0.0000000e+000
  0.0000000e+000
  0.0000000e+000
  0.0000000e+000
  0.0000000e+000
  0.0000000e+000
  0.0000000e+000
  0.0000000e+000
  0.0000000e+000
  0.0000000e+000
  0.0000000e+000
  0.0000000e+000
  4.8846855e+000
  5.0085089e+000
  7.7778674e+000
  8.0135663e+000
  8.4533293e-001
  0.0000000e+000
  6.1285702e-001
  3.2023244e+000
  5.3327256e+000
  3.4457684e+000
  6.3743217e+000
  6.6461542e+000
  2.7457688e+000
  4.5657677e+000
  5.8257669e+000
  1.0637424e+001
  1.7965877e+001
  2.5960717e+001
  2.6341423e+001
  2.8625663e+001
  3.1290609e+001
  3.1145374e+001
  2.9307444e+001
  2.2237594e+001
  9.9710384e+000
  7.6867987e+000
  1.6682712e+001
  1.9207659e+001
  3.1369093e+001
  1.0398053e+001
  7.8019785e+000
  8.7185089e+000
  2.7010313e+000
  1.3276819e+001
  1.6081963e+001
  2.0195265e+001
  4.3991241e+000
  7.8347185e+000
  1.5677845e+001
  1.5101766e+001
  2.7158064e+001
  3.4590297e+001
  2.6051447e+001
  3.0431320e+001
  3.5455655e+001
  4.0148854e+001
  1.4749603e+001
  2.2398663e+001
  3.7750328e+001
  1.3498041e+001
  0.0000000e+000
  1.8930808e+000
  2.3441838e+001
  8.5812256e+000
  6.6174421e+000
  7.5668115e+000
  1.3641809e+001
  2.3131532e+001
  3.5257033e+001
  4.4198483e+001
  4.2668671e+001
  3.2342440e+001
  4.4734816e+001
  1.2738384e+001
  2.0796827e+001
  2.1657179e+001
  9.1947275e+000
  1.1037429e+001
  8.0607573e+000
  1.6909919e+001
  1.9362181e+001
  2.1185451e+001
  6.5015483e+000
  7.2102797e+000
  9.0529812e+000
  4.5866910e+001
  7.6096352e+000
  9.3592519e+000
  8.7716387e+000
  8.9112350e+000
  1.1462668e+001
  2.8788579e+001
  5.2099423e+000
  4.0918617e+000
  2.6083573e+000
  9.1941641e+000
  1.2029653e+001
  1.5127202e+001
  1.5148071e+001
  2.1949307e+001
  1.3770582e+000
  1.1479609e+000
  1.1654245e+000
  9.0347038e-001
  9.5586120e-001
  9.2369161e+000
  5.3192887e-001
  7.2883432e-001
  9.2093399e-001
  6.9059618e+000
  1.4907898e+001
  1.4880668e+001
  9.1865222e-001
  1.3622386e+000
  7.8122514e-001
  7.2883432e-001
  1.0781064e+000
  1.2527425e+000
  1.4797694e+000
  1.4972330e+000
  1.6194783e+000
  1.5845510e+000
  8.6854317e-001
  1.2178153e+000
  1.2178153e+000
  9.9078842e-001
  1.2612231e+000
  6.0658907e-001
  1.0606428e+000
  9.3839760e-001
  3.0001431e+000
  2.4342694e+001
  6.2405268e-001
  1.0895657e+001
  2.8075052e+000
  2.5731694e-001
  6.0694155e-001
  1.8986518e-001
  0.0000000e+000
  0.0000000e+000
  0.0000000e+000
  4.6349961e-001
  8.3361596e-001
  1.6013173e+001
  3.0833283e+001
  1.6536188e+001
  3.1572868e+000
  1.2931886e+000
  6.5576218e-001
  4.4941662e-001
  6.9390711e-001
  8.4090729e+001
  2.3789788e+000
  0.0000000e+000
  0.0000000e+000
  2.8150940e+000
  1.6421500e+001
  2.4091807e+000
  4.1452715e+000
  1.9789111e+000
  4.3859782e+000
  3.6638581e+000
  4.6266849e+000
  2.4603245e+000
  7.3068438e+000
  6.3608521e-001
  6.4056286e+000
  8.3494766e+000
  2.7454381e+000
  4.2037093e+000
  7.7229216e+000
  5.6118281e-001
  9.2576996e-001
  1.9806346e-001
  3.8114739e+000
  1.7873728e-001
  1.2498731e+001
  1.0353320e-002
  1.3719975e+000
  0.0000000e+000
  0.0000000e+000
  3.0298157e+000
  1.9789111e+000
  0.0000000e+000
  1.8088909e+000
  1.2567910e+000
  2.7010313e+000
  1.0345574e+001
  4.4930503e+000
  3.2145099e-002
  1.8695376e-017
  0.0000000e+000
  1.4818582e+000
  7.0579458e-002
  5.6251962e+000
  0.0000000e+000
  0.0000000e+000
  0.0000000e+000
  0.0000000e+000
  0.0000000e+000
  0.0000000e+000
  0.0000000e+000
  0.0000000e+000
  0.0000000e+000
  0.0000000e+000
  0.0000000e+000
  0.0000000e+000
  0.0000000e+000
  0.0000000e+000
  0.0000000e+000
  0.0000000e+000
  0.0000000e+000
  0.0000000e+000
  0.0000000e+000
  0.0000000e+000
  0.0000000e+000
  0.0000000e+000
  0.0000000e+000
  0.0000000e+000
  0.0000000e+000
  0.0000000e+000
  0.0000000e+000
  0.0000000e+000
  0.0000000e+000
  0.0000000e+000
  0.0000000e+000
  0.0000000e+000
  0.0000000e+000
  0.0000000e+000
  0.0000000e+000
  0.0000000e+000
  0.0000000e+000
  0.0000000e+000
  0.0000000e+000
  0.0000000e+000
  0.0000000e+000
  0.0000000e+000
  0.0000000e+000
  0.0000000e+000
  0.0000000e+000
  0.0000000e+000
  0.0000000e+000
  0.0000000e+000
  0.0000000e+000
  0.0000000e+000
  0.0000000e+000
  0.0000000e+000
  0.0000000e+000
  0.0000000e+000
  0.0000000e+000
  0.0000000e+000
  0.0000000e+000
  0.0000000e+000
  0.0000000e+000
  0.0000000e+000
  0.0000000e+000
  0.0000000e+000
  0.0000000e+000
  0.0000000e+000
  0.0000000e+000
  0.0000000e+000
  0.0000000e+000
  0.0000000e+000
  0.0000000e+000
  0.0000000e+000
  0.0000000e+000
  0.0000000e+000
  0.0000000e+000
  0.0000000e+000
  0.0000000e+000
  0.0000000e+000
  0.0000000e+000
  0.0000000e+000
  0.0000000e+000
  0.0000000e+000
  0.0000000e+000
  0.0000000e+000
  0.0000000e+000
  0.0000000e+000
  0.0000000e+000
  0.0000000e+000
  0.0000000e+000
  0.0000000e+000
  0.0000000e+000
  0.0000000e+000
  0.0000000e+000
  0.0000000e+000
  0.0000000e+000
  0.0000000e+000
  0.0000000e+000
  0.0000000e+000
  0.0000000e+000
  0.0000000e+000
  0.0000000e+000
  0.0000000e+000
  0.0000000e+000
  0.0000000e+000
  0.0000000e+000
  0.0000000e+000
  0.0000000e+000
  0.0000000e+000
  0.0000000e+000
  0.0000000e+000
  0.0000000e+000
  0.0000000e+000
  0.0000000e+000
  0.0000000e+000
  0.0000000e+000
  0.0000000e+000
  0.0000000e+000
  0.0000000e+000
  0.0000000e+000
  0.0000000e+000
  0.0000000e+000
  0.0000000e+000
  0.0000000e+000
  0.0000000e+000
  0.0000000e+000
  0.0000000e+000
  0.0000000e+000
  0.0000000e+000
  0.0000000e+000
  0.0000000e+000
  0.0000000e+000
  0.0000000e+000
  0.0000000e+000
  0.0000000e+000
  0.0000000e+000
  0.0000000e+000
  0.0000000e+000
  0.0000000e+000
  0.0000000e+000
  0.0000000e+000
  0.0000000e+000
  0.0000000e+000
  0.0000000e+000
  0.0000000e+000
  0.0000000e+000
  0.0000000e+000
  0.0000000e+000
  0.0000000e+000
  0.0000000e+000
  0.0000000e+000
  0.0000000e+000
  0.0000000e+000
  0.0000000e+000
  0.0000000e+000
  0.0000000e+000
  0.0000000e+000
  0.0000000e+000
  0.0000000e+000
  0.0000000e+000
  0.0000000e+000
  0.0000000e+000
  0.0000000e+000
  0.0000000e+000
  0.0000000e+000
  0.0000000e+000
  0.0000000e+000
  0.0000000e+000
  0.0000000e+000
  0.0000000e+000
  0.0000000e+000
  0.0000000e+000
  0.0000000e+000
  0.0000000e+000
  0.0000000e+000
  0.0000000e+000
  0.0000000e+000
  0.0000000e+000
  0.0000000e+000
  0.0000000e+000
  0.0000000e+000
  0.0000000e+000
  0.0000000e+000
  0.0000000e+000
  0.0000000e+000
  0.0000000e+000
  0.0000000e+000
  0.0000000e+000
  0.0000000e+000
  0.0000000e+000
  0.0000000e+000
  0.0000000e+000
  0.0000000e+000
  7.1322946e-001
  1.7291809e+000
  2.9177749e+000
  2.6608541e+000
  6.1057667e+000
  7.9805749e-001
  5.9657668e+000
  5.8257669e+000
  1.0102345e+001
  1.0080178e+001
  1.2166892e+001
  4.8582905e+000
  5.8756347e+000
  7.1230857e+000
  7.2257660e+000
  8.0421106e+000
  3.3840899e+000
  7.3576753e+000
  7.8370108e+000
  6.5529100e+000
  1.3398148e+001
  2.5199303e+001
  2.5199303e+001
  2.8625663e+001
  3.1671316e+001
  2.8625663e+001
  3.4716969e+001
  4.2928379e+001
  3.8902241e+001
  5.1021984e+001
  5.3567485e+001
  6.2377214e+001
  2.1732605e+001
  2.5242781e+001
  2.0377743e+001
  5.4557285e+001
  1.2673230e+001
  2.2598392e+001
  3.1638992e+001
  2.0217637e+001
  2.2742584e+001
  3.2842370e+001
  3.1209474e+001
  1.9116649e+001
  2.4591490e+001
  2.0211617e+001
  2.2694636e+001
  6.4805683e+000
  5.3514741e+001
  1.6678949e+000
  0.0000000e+000
  9.6089014e+000
  1.8751660e+001
  2.2036564e+001
  3.6711685e+001
  3.3963239e+001
  1.8386670e+001
  5.1369736e+001
  2.5075834e+001
  3.0430175e+001
  3.1959987e+001
  3.9609047e+001
  3.7696782e+001
  8.7713669e+001
  4.6788377e+001
  2.3591052e+001
  1.7044321e+001
  2.5458287e+001
  2.4310928e+001
  3.2144125e+001
  2.8517910e+001
  7.5639334e+001
  1.3296074e+001
  8.0607573e+000
  7.6355185e+000
  1.0045205e+001
  9.7617126e+000
  9.0529812e+000
  1.0895683e+001
  1.0470444e+001
  1.3260617e+001
  2.9974559e+000
  5.0840856e+000
  7.9190110e+000
  1.0328698e+001
  4.3080920e+001
  7.3520260e+000
  1.1746160e+001
  9.7617126e+000
  9.4782200e+000
  2.4750838e+001
  7.2102797e+000
  9.6199663e+000
  9.0529812e+000
  1.6264181e+001
  2.1966633e+001
  1.2872264e+001
  1.3818149e+001
  1.6645940e+001
  3.7081155e+001
  5.9345632e+000
  6.5922428e+000
  8.1336480e+000
  6.7850409e+000
  9.1947275e+000
  1.3947135e+001
  5.1604733e+000
  5.6510707e+000
  2.5536553e+001
  5.3091013e+000
  1.3469702e+001
  5.0180744e-001
  4.1410547e+001
  2.0172561e+000
  1.0781064e+000
  9.0394662e+000
  1.0082520e+000
  1.5552704e+000
  2.5731694e-001
  1.3507170e-001
  2.2238973e-001
  3.2717137e-001
  6.4443250e+000
  1.2826453e-002
  1.6819552e+000
  5.5145585e-001
  1.9980982e+000
  5.5419825e-001
  3.9702580e-001
  5.3673465e-001
  5.7166186e-001
  6.4151629e-001
  5.8912547e-001
  3.7956219e-001
  3.4463498e-001
  6.5217273e-002
  8.2680879e-002
  6.4163886e+000
  1.2773275e+000
  5.3436735e+001
  5.1214356e+001
  5.4412375e-001
  4.8665508e+000
  1.5884383e+001
  1.2669404e+001
  4.7126130e+000
  2.3279036e+000
  6.5055960e+000
  4.6910303e+000
  4.9457266e+000
  5.7698323e+000
  0.0000000e+000
  7.8869781e+000
  8.6554807e+000
  0.0000000e+000
  0.0000000e+000
  0.0000000e+000
  0.0000000e+000
  0.0000000e+000
  1.4152639e+000
  0.0000000e+000
  0.0000000e+000
  3.6667361e-001
  0.0000000e+000
  5.3467087e-001
  0.0000000e+000
  3.4231514e+000
  3.1824447e+000
  2.8642510e-016
  0.0000000e+000
  0.0000000e+000
  1.4404255e+000
  9.7904433e+000
  8.7248832e-001
  1.2484607e+000
  1.4393405e+001
  0.0000000e+000
  0.0000000e+000
  4.1452715e+000
  1.2175304e+001
  1.2284801e+001
  2.2196178e+000
  0.0000000e+000
  2.8606751e+000
  3.3727972e-001
  1.2449744e-001
  4.1413280e-002
  0.0000000e+000
  0.0000000e+000
  0.0000000e+000
  0.0000000e+000
  0.0000000e+000
  0.0000000e+000
  0.0000000e+000
  0.0000000e+000
  0.0000000e+000
  0.0000000e+000
  0.0000000e+000
  0.0000000e+000
  0.0000000e+000
  0.0000000e+000
  0.0000000e+000
  0.0000000e+000
  0.0000000e+000
  0.0000000e+000
  0.0000000e+000
  0.0000000e+000
  0.0000000e+000
  0.0000000e+000
  0.0000000e+000
  0.0000000e+000
  0.0000000e+000
  0.0000000e+000
  0.0000000e+000
  0.0000000e+000
  0.0000000e+000
  0.0000000e+000
  0.0000000e+000
  0.0000000e+000
  0.0000000e+000
  0.0000000e+000
  0.0000000e+000
  0.0000000e+000
  0.0000000e+000
  0.0000000e+000
  0.0000000e+000
  0.0000000e+000
  0.0000000e+000
  0.0000000e+000
  0.0000000e+000
  0.0000000e+000
  0.0000000e+000
  0.0000000e+000
  0.0000000e+000
  0.0000000e+000
  0.0000000e+000
  0.0000000e+000
  0.0000000e+000
  0.0000000e+000
  0.0000000e+000
  0.0000000e+000
  0.0000000e+000
  0.0000000e+000
  0.0000000e+000
  0.0000000e+000
  0.0000000e+000
  0.0000000e+000
  0.0000000e+000
  0.0000000e+000
  0.0000000e+000
  0.0000000e+000
  0.0000000e+000
  0.0000000e+000
  0.0000000e+000
  0.0000000e+000
  0.0000000e+000
  0.0000000e+000
  0.0000000e+000
  0.0000000e+000
  0.0000000e+000
  0.0000000e+000
  0.0000000e+000
  0.0000000e+000
  0.0000000e+000
  0.0000000e+000
  0.0000000e+000
  0.0000000e+000
  0.0000000e+000
  0.0000000e+000
  0.0000000e+000
  0.0000000e+000
  0.0000000e+000
  0.0000000e+000
  0.0000000e+000
  0.0000000e+000
  0.0000000e+000
  0.0000000e+000
  0.0000000e+000
  0.0000000e+000
  0.0000000e+000
  0.0000000e+000
  0.0000000e+000
  0.0000000e+000
  0.0000000e+000
  0.0000000e+000
  0.0000000e+000
  0.0000000e+000
  0.0000000e+000
  0.0000000e+000
  0.0000000e+000
  0.0000000e+000
  0.0000000e+000
  0.0000000e+000
  0.0000000e+000
  0.0000000e+000
  0.0000000e+000
  0.0000000e+000
  0.0000000e+000
  0.0000000e+000
  0.0000000e+000
  0.0000000e+000
  0.0000000e+000
  0.0000000e+000
  0.0000000e+000
  0.0000000e+000
  0.0000000e+000
  0.0000000e+000
  0.0000000e+000
  0.0000000e+000
  0.0000000e+000
  0.0000000e+000
  0.0000000e+000
  0.0000000e+000
  0.0000000e+000
  0.0000000e+000
  0.0000000e+000
  0.0000000e+000
  0.0000000e+000
  0.0000000e+000
  0.0000000e+000
  0.0000000e+000
  0.0000000e+000
  0.0000000e+000
  0.0000000e+000
  0.0000000e+000
  0.0000000e+000
  0.0000000e+000
  0.0000000e+000
  0.0000000e+000
  0.0000000e+000
  0.0000000e+000
  0.0000000e+000
  0.0000000e+000
  0.0000000e+000
  0.0000000e+000
  0.0000000e+000
  0.0000000e+000
  0.0000000e+000
  0.0000000e+000
  0.0000000e+000
  0.0000000e+000
  0.0000000e+000
  0.0000000e+000
  0.0000000e+000
  0.0000000e+000
  0.0000000e+000
  0.0000000e+000
  0.0000000e+000
  0.0000000e+000
  0.0000000e+000
  0.0000000e+000
  0.0000000e+000
  0.0000000e+000
  0.0000000e+000
  0.0000000e+000
  0.0000000e+000
  0.0000000e+000
  0.0000000e+000
  0.0000000e+000
  6.8667451e-001
  5.0865184e+000
  7.9545850e+000
  2.7041294e+000
  5.6857670e+000
  8.8715289e+000
  8.7657650e+000
  9.8857643e+000
  1.0979101e+001
  1.4913964e+001
  1.6062344e+001
  1.7585171e+001
  1.8727291e+001
  2.0603268e+001
  3.6569960e+001
  4.6076334e+001
  1.8894978e+001
  2.2742584e+001
  3.7892262e+001
  3.7387273e+001
  3.8397252e+001
  4.6481563e+001
  2.9166610e+001
  8.0675053e+000
  6.5446788e+000
  1.0802656e+001
  9.5903318e+000
  1.9914834e+001
  3.0822412e+001
  3.4357337e+001
  3.7994958e+001
  7.4637854e+000
  5.5020231e+000
  7.8471928e+000
  8.5144790e-001
  1.9182152e+001
  2.0211617e+001
  3.2621256e+001
  4.0017726e+001
  3.3193363e+001
  3.1577534e+001
  1.5186027e+001
  1.2911830e+001
  2.2378379e+001
  3.1577534e+001
  6.8052320e+001
  2.4891449e+001
  3.2734692e+001
  2.6245800e+001
  2.5677846e+001
  2.6988099e+001
  2.2781116e+001
  2.3546022e+001
  3.2974735e+001
  1.0612190e+001
  1.1887907e+001
  1.2029653e+001
  1.7684436e+001
  7.3520260e+000
  9.5682845e+000
  8.8465054e-001
  3.4945865e+000
  1.0570538e+001
  2.7549208e+001
  5.7928170e+000
  8.0607573e+000
  9.0529812e+000
  1.2880131e+001
  1.3246808e+001
  1.9117193e+001
  8.7694887e+000
  1.0214698e+001
  2.0408240e+001
  1.3607741e+001
  7.8731328e+000
  2.1038829e+001
  8.4697187e+000
  9.5857283e+000
  1.0224192e+001
  1.1399641e+001
  9.7867613e-001
  5.5237968e+000
  5.4607417e+000
  1.9238415e+001
  5.4831092e+000
  5.4940143e+000
  5.9345632e+000
  8.2025036e+000
  2.0451217e+001
  2.9950143e+001
  3.2754960e+001
  7.7772648e+000
  1.5631553e+001
  1.6018967e+001
  1.2902021e+001
  4.9423393e+000
  6.9885406e+000
  7.9868875e-001
  2.6928937e+000
  1.1767216e+001
  4.0121834e-001
  2.8504831e+001
  1.5272247e+001
  3.6555185e+000
  5.0180744e-001
  7.1137071e-001
  8.1615235e-001
  9.2093399e-001
  8.8600678e-001
  7.1137071e-001
  8.6854317e-001
  9.3839760e-001
  1.3225969e+000
  1.1285365e+000
  1.3063157e+000
  1.1828881e+000
  1.3419838e+000
  2.2568004e+001
  3.7956219e-001
  7.6376153e-001
  8.5107957e-001
  9.0347038e-001
  1.0606428e+000
  4.2244279e+000
  2.9224416e-001
  3.2717137e-001
  3.7428062e+001
  2.5271451e+001
  5.3588265e+000
  9.7405570e+000
  1.7050722e+000
  1.1661398e+000
  9.8002051e-001
  2.5891837e+000
  9.2301162e+000
  0.0000000e+000
  6.8586301e-002
  3.4463498e-001
  6.5897989e-001
  7.8194019e+000
  4.6688022e-001
  4.4941662e-001
  5.1927104e-001
  4.8289278e+000
  3.8751988e-001
  8.9240397e-001
  3.9007846e+001
  7.5260752e+001
  1.9119609e+000
  3.1962122e+000
  8.7275274e+000
  3.4909031e+000
  1.7546292e+000
  3.2460212e+000
  3.9917172e+000
  3.7522149e+001
  3.5248069e+001
  3.2406308e+001
  1.7512780e+001
  2.0856405e+000
  3.6214648e+000
  5.3488051e+000
  7.5429650e+000
  6.1866061e-016
  0.0000000e+000
  0.0000000e+000
  0.0000000e+000
  0.0000000e+000
  0.0000000e+000
  4.3781169e+000
  1.9874964e+001
  7.4600096e+001
  3.0908865e+001
  2.3920677e+000
  7.1856487e+000
  0.0000000e+000
  0.0000000e+000
  0.0000000e+000
  0.0000000e+000
  0.0000000e+000
  0.0000000e+000
  0.0000000e+000
  0.0000000e+000
  0.0000000e+000
  1.3165246e+000
  0.0000000e+000
  0.0000000e+000
  0.0000000e+000
  0.0000000e+000
  0.0000000e+000
  0.0000000e+000
  0.0000000e+000
  0.0000000e+000
  0.0000000e+000
  0.0000000e+000
  0.0000000e+000
  0.0000000e+000
  0.0000000e+000
  0.0000000e+000
  0.0000000e+000
  0.0000000e+000
  0.0000000e+000
  0.0000000e+000
  0.0000000e+000
  0.0000000e+000
  0.0000000e+000
  0.0000000e+000
  0.0000000e+000
  0.0000000e+000
  0.0000000e+000
  0.0000000e+000
  0.0000000e+000
  0.0000000e+000
  0.0000000e+000
  0.0000000e+000
  0.0000000e+000
  0.0000000e+000
  0.0000000e+000
  0.0000000e+000
  0.0000000e+000
  0.0000000e+000
  0.0000000e+000
  0.0000000e+000
  0.0000000e+000
  0.0000000e+000
  0.0000000e+000
  0.0000000e+000
  0.0000000e+000
  0.0000000e+000
  0.0000000e+000
  0.0000000e+000
  0.0000000e+000
  0.0000000e+000
  0.0000000e+000
  0.0000000e+000
  0.0000000e+000
  0.0000000e+000
  0.0000000e+000
  0.0000000e+000
  0.0000000e+000
  0.0000000e+000
  0.0000000e+000
  0.0000000e+000
  0.0000000e+000
  0.0000000e+000
  0.0000000e+000
  0.0000000e+000
  0.0000000e+000
  0.0000000e+000
  0.0000000e+000
  0.0000000e+000
  0.0000000e+000
  0.0000000e+000
  0.0000000e+000
  0.0000000e+000
  0.0000000e+000
  0.0000000e+000
  0.0000000e+000
  0.0000000e+000
  0.0000000e+000
  0.0000000e+000
  0.0000000e+000
  0.0000000e+000
  0.0000000e+000
  0.0000000e+000
  0.0000000e+000
  0.0000000e+000
  0.0000000e+000
  0.0000000e+000
  0.0000000e+000
  0.0000000e+000
  0.0000000e+000
  0.0000000e+000
  0.0000000e+000
  0.0000000e+000
  0.0000000e+000
  0.0000000e+000
  0.0000000e+000
  0.0000000e+000
  0.0000000e+000
  0.0000000e+000
  0.0000000e+000
  0.0000000e+000
  0.0000000e+000
  0.0000000e+000
  0.0000000e+000
  0.0000000e+000
  0.0000000e+000
  0.0000000e+000
  0.0000000e+000
  0.0000000e+000
  0.0000000e+000
  0.0000000e+000
  0.0000000e+000
  0.0000000e+000
  0.0000000e+000
  0.0000000e+000
  0.0000000e+000
  0.0000000e+000
  0.0000000e+000
  0.0000000e+000
  0.0000000e+000
  0.0000000e+000
  0.0000000e+000
  0.0000000e+000
  0.0000000e+000
  0.0000000e+000
  0.0000000e+000
  0.0000000e+000
  0.0000000e+000
  0.0000000e+000
  0.0000000e+000
  0.0000000e+000
  0.0000000e+000
  0.0000000e+000
  0.0000000e+000
  0.0000000e+000
  0.0000000e+000
  0.0000000e+000
  0.0000000e+000
  0.0000000e+000
  0.0000000e+000
  0.0000000e+000
  0.0000000e+000
  0.0000000e+000
  0.0000000e+000
  0.0000000e+000
  0.0000000e+000
  0.0000000e+000
  0.0000000e+000
  0.0000000e+000
  0.0000000e+000
  0.0000000e+000
  0.0000000e+000
  0.0000000e+000
  0.0000000e+000
  0.0000000e+000
  0.0000000e+000
  0.0000000e+000
  0.0000000e+000
  0.0000000e+000
  0.0000000e+000
  0.0000000e+000
  0.0000000e+000
  0.0000000e+000
  0.0000000e+000
  0.0000000e+000
  0.0000000e+000
  0.0000000e+000
  0.0000000e+000
  0.0000000e+000
  0.0000000e+000
  0.0000000e+000
  0.0000000e+000
  0.0000000e+000
  0.0000000e+000
  0.0000000e+000
  0.0000000e+000
  0.0000000e+000
  0.0000000e+000
  0.0000000e+000
  0.0000000e+000
  0.0000000e+000
  0.0000000e+000
  0.0000000e+000
  0.0000000e+000
  0.0000000e+000
  3.9985922e-001
  4.9333133e+000
  3.7889620e+000
  3.7889620e+000
  7.3528883e+000
  7.1230857e+000
  4.5368991e+000
  7.3657659e+000
  8.0657655e+000
  7.5057658e+000
  9.3257647e+000
  1.2352994e+001
  2.2043030e+001
  1.6062344e+001
  1.7965877e+001
  2.4641329e+001
  1.9630401e+001
  9.8812089e+000
  1.7585171e+001
  2.6182639e+001
  8.6221012e+000
  1.0732452e+001
  1.7585171e+001
  1.8727291e+001
  2.8686186e+001
  2.8802455e+001
  3.1832391e+001
  3.1155292e+001
  3.0822412e+001
  3.7892262e+001
  4.8497037e+001
  5.1526973e+001
  5.6800612e+001
  3.6991631e+001
  5.9770316e+000
  1.0422074e+001
  0.0000000e+000
  2.4159075e+000
  2.2288940e+001
  2.1492513e+001
  1.6926713e+001
  2.8932140e+001
  3.3674412e+001
  1.2675213e+001
  4.7625272e-001
  8.1828852e+000
  1.4459561e+001
  1.3641809e+001
  4.7909396e+001
  2.6318658e+001
  1.7215408e+001
  7.8012088e+000
  7.7470163e+000
  1.3641809e+001
  2.4591490e+001
  2.4591490e+001
  2.7511405e+001
  3.1526288e+001
  3.6271150e+001
  4.0185280e+001
  8.9036832e+001
  6.5171814e+001
  2.8135458e+001
  3.1768860e+001
  2.6988099e+001
  3.0812628e+001
  3.3872252e+001
  4.2717086e+001
  3.3107346e+001
  4.2647603e+001
  3.8863771e+001
  2.0939758e+001
  3.1704067e+001
  8.2025036e+000
  6.2180558e+000
  7.2102797e+000
  6.6432946e+000
  1.9827308e+001
  6.4821820e+001
  3.1528672e+000
  8.4274142e+000
  1.6548046e+001
  1.3218880e+001
  1.2702692e+001
  1.3703507e+001
  9.1947275e+000
  1.6655991e+001
  8.0607573e+000
  1.0045205e+001
  9.6199663e+000
  1.0895683e+001
  1.9707491e+001
  1.2029653e+001
  1.2880131e+001
  1.3588862e+001
  1.4864578e+001
  1.3305369e+001
  6.2144694e+001
  1.8764711e+001
  6.9267871e+000
  7.9226748e+000
  1.0927421e+001
  1.4599928e+001
  1.0031946e+001
  5.6510707e+000
  2.3760425e+000
  3.3831303e+000
  7.0685334e+000
  1.1037429e+001
  1.0612190e+001
  1.3021419e+001
  1.5946824e+001
  2.2591635e+001
  2.8562203e+001
  7.4316284e+000
  8.2025036e+000
  9.6199663e+000
  1.8959004e+001
  1.0431792e+000
  1.1304973e+000
  1.1654245e+000
  1.1304973e+000
  9.9078842e-001
  4.1591999e+000
  1.0491937e+001
  1.1521849e+001
  2.5904206e-001
  3.7568401e+000
  0.0000000e+000
  1.7931322e+001
  1.4701715e+000
  1.0717875e+001
  4.2518238e+001
  4.7589331e+001
  9.5323527e-001
  6.1554555e-001
  3.6644044e+000
  7.2314785e-001
  4.2915090e+000
  2.2023022e+000
  8.0146997e+000
  0.0000000e+000
  0.0000000e+000
  2.9947421e-001
  2.2698025e+000
  1.0999251e+001
  6.0709252e+000
  2.2472453e+000
  9.4264488e+000
  9.5266100e+000
  1.1178869e+001
  5.3257449e-002
  1.7382044e+000
  5.1080984e+000
  1.2830832e+001
  1.3817812e+000
  2.6246079e+000
  4.6131305e+000
  8.0180776e+000
  1.3817812e+000
  3.2622362e+000
  8.3052038e+000
  1.2561685e+001
  3.4945865e+000
  2.8902217e+000
  1.6303465e+000
  1.3895455e-001
  1.1332159e+000
  2.0031945e+000
  2.1274772e+000
  3.1217385e+000
  2.3760425e+000
  0.0000000e+000
  0.0000000e+000
  3.9917172e+000
  1.0870994e+001
  3.1085047e+000
  4.8669681e-017
  2.3293154e+000
  3.6278648e+000
  3.9698459e-002
  1.2486711e-001
  0.0000000e+000
  0.0000000e+000
  0.0000000e+000
  0.0000000e+000
  1.9893828e-001
  1.2438710e-017
  0.0000000e+000
  0.0000000e+000
  0.0000000e+000
  0.0000000e+000
  0.0000000e+000
  0.0000000e+000
  0.0000000e+000
  0.0000000e+000
  0.0000000e+000
  0.0000000e+000
  0.0000000e+000
  0.0000000e+000
  0.0000000e+000
  0.0000000e+000
  0.0000000e+000
  0.0000000e+000
  0.0000000e+000
  0.0000000e+000
  0.0000000e+000
  0.0000000e+000
  0.0000000e+000
  0.0000000e+000
  0.0000000e+000
  0.0000000e+000
  0.0000000e+000
  0.0000000e+000
  0.0000000e+000
  0.0000000e+000
  0.0000000e+000
  0.0000000e+000
  0.0000000e+000
  0.0000000e+000
  0.0000000e+000
  0.0000000e+000
  0.0000000e+000
  0.0000000e+000
  0.0000000e+000
  0.0000000e+000
  0.0000000e+000
  0.0000000e+000
  0.0000000e+000
  0.0000000e+000
  0.0000000e+000
  0.0000000e+000
  0.0000000e+000
  0.0000000e+000
  0.0000000e+000
  0.0000000e+000
  0.0000000e+000
  0.0000000e+000
  0.0000000e+000
  0.0000000e+000
  0.0000000e+000
  0.0000000e+000
  0.0000000e+000
  0.0000000e+000
  0.0000000e+000
  0.0000000e+000
  0.0000000e+000
  0.0000000e+000
