  0.0000000e+000
  0.0000000e+000
  0.0000000e+000
  0.0000000e+000
  0.0000000e+000
  0.0000000e+000
  0.0000000e+000
  0.0000000e+000
  0.0000000e+000
  0.0000000e+000
  0.0000000e+000
  0.0000000e+000
  0.0000000e+000
  0.0000000e+000
  0.0000000e+000
  0.0000000e+000
  0.0000000e+000
  0.0000000e+000
  0.0000000e+000
  0.0000000e+000
  0.0000000e+000
  0.0000000e+000
  0.0000000e+000
  0.0000000e+000
  0.0000000e+000
  0.0000000e+000
  0.0000000e+000
  0.0000000e+000
  0.0000000e+000
  0.0000000e+000
  0.0000000e+000
  0.0000000e+000
  0.0000000e+000
  0.0000000e+000
  0.0000000e+000
  0.0000000e+000
  0.0000000e+000
  0.0000000e+000
  0.0000000e+000
  0.0000000e+000
  0.0000000e+000
  0.0000000e+000
  0.0000000e+000
  0.0000000e+000
  0.0000000e+000
  0.0000000e+000
  0.0000000e+000
  0.0000000e+000
  0.0000000e+000
  0.0000000e+000
  0.0000000e+000
  0.0000000e+000
  0.0000000e+000
  0.0000000e+000
  0.0000000e+000
  0.0000000e+000
  0.0000000e+000
  0.0000000e+000
  0.0000000e+000
  0.0000000e+000
  0.0000000e+000
  0.0000000e+000
  0.0000000e+000
  0.0000000e+000
  0.0000000e+000
  0.0000000e+000
  0.0000000e+000
  0.0000000e+000
  0.0000000e+000
  0.0000000e+000
  0.0000000e+000
  0.0000000e+000
  0.0000000e+000
  0.0000000e+000
  0.0000000e+000
  0.0000000e+000
  0.0000000e+000
  0.0000000e+000
  0.0000000e+000
  0.0000000e+000
  0.0000000e+000
  0.0000000e+000
  0.0000000e+000
  0.0000000e+000
  0.0000000e+000
  0.0000000e+000
  0.0000000e+000
  0.0000000e+000
  0.0000000e+000
  0.0000000e+000
  0.0000000e+000
  0.0000000e+000
  0.0000000e+000
  0.0000000e+000
  0.0000000e+000
  0.0000000e+000
  0.0000000e+000
  0.0000000e+000
  0.0000000e+000
  0.0000000e+000
  0.0000000e+000
  0.0000000e+000
  0.0000000e+000
  0.0000000e+000
  0.0000000e+000
  0.0000000e+000
  0.0000000e+000
  0.0000000e+000
  0.0000000e+000
  0.0000000e+000
  0.0000000e+000
  0.0000000e+000
  0.0000000e+000
  6.4359085e-002
  0.0000000e+000
  0.0000000e+000
  1.2952849e+000
  0.0000000e+000
  0.0000000e+000
  0.0000000e+000
  0.0000000e+000
  3.6776620e-003
  0.0000000e+000
  0.0000000e+000
  0.0000000e+000
  1.3327965e+000
  1.3825371e+000
  1.0343531e+000
  1.6809805e+000
  7.3336768e+000
  1.3228726e+001
  1.0343531e+000
  1.2830559e+000
  1.6510707e+001
  2.2457928e+001
  2.1983152e+001
  1.8972193e+001
  1.5279964e+001
  1.3638974e+001
  1.7307210e+000
  1.4418654e-001
  0.0000000e+000
  0.0000000e+000
  1.0840937e+000
  1.4820182e+000
  1.4049221e+001
  4.7786638e+000
  1.4386972e+001
  2.0376606e+001
  2.8422956e+001
  9.5267241e+000
  1.6387403e+001
  7.9974768e+001
  1.7978432e+001
  9.2036196e+000
  1.2338990e+001
  0.0000000e+000
  5.4566091e-002
  1.8030604e-001
  5.7626391e-001
  7.3336768e+000
  1.9774009e+000
  2.1190268e+000
  1.4322776e+000
  7.5581815e+000
  2.2457928e+001
  2.5306584e+001
  2.2827856e+001
  2.4284175e+001
  2.2897276e+001
  6.1430981e+000
  9.7622283e-001
  1.8651029e+000
  1.7421131e+001
  2.8761733e+001
  1.8613678e+001
  6.7433918e+000
  2.2589316e+001
  1.5768132e+001
  2.0089467e+001
  3.0076707e+001
  2.0521601e+001
  8.6911478e+000
  1.2285659e+001
  2.7096736e+001
  2.4691311e+001
  8.9446453e-001
  1.0207680e+001
  1.5855207e+001
  1.8578169e+001
  2.1247204e+001
  4.0643620e+001
  7.6349419e+000
  8.6443779e+000
  1.7496666e+001
  2.7096736e+001
  3.2560016e+001
  4.1719296e+001
  3.6533310e+001
  4.4479899e+001
  4.0610136e+001
  5.9422777e+001
  8.8307091e+001
  3.2144577e+001
  1.8137535e+001
  5.3371719e+001
  5.0819407e+001
  4.9672291e+001
  4.9672291e+001
  5.6554987e+001
  4.8071298e+001
  5.3113639e+001
  5.3687197e+001
  5.4588627e+001
  5.1966523e+001
  5.4890883e+001
  3.8774688e+001
  4.9152074e+001
  6.5783053e+001
  6.9059478e+001
  6.1196059e+001
  8.2314116e+001
  4.1168363e+001
  1.0962319e+001
  2.0760654e+001
  1.8458609e+001
  2.0265448e+001
  9.1499581e-001
  3.0397668e+001
  3.9571657e+001
  4.0226942e+001
  5.0056215e+001
  6.0855687e+001
  6.0185285e+001
  4.5798055e+001
  2.3847931e+001
  5.0056215e+001
  4.2192796e+001
  4.4002857e+001
  3.3827250e+001
  4.7066903e+001
  6.7654799e+001
  1.2109704e+001
  5.8781378e+001
  0.0000000e+000
  5.0890612e-001
  1.5486900e+001
  0.0000000e+000
  0.0000000e+000
  0.0000000e+000
  1.3327965e+000
  8.4084372e+000
  1.8048646e+001
  1.3165600e+001
  6.1080889e+000
  8.6261007e+000
  9.7850578e+000
  7.3447831e+000
  1.8083433e-001
  1.2500215e+001
  1.0560495e+001
  1.3146789e+001
  2.1416820e+001
  2.1195097e+001
  8.7436731e+000
  4.2075641e+001
  3.9608229e+000
  6.6549761e+000
  1.9908534e+000
  2.7071175e+000
  1.2273911e+001
  3.2109134e+001
  0.0000000e+000
  2.9080350e-001
  1.7759741e+000
  5.0808764e+000
  1.8030604e+000
  7.6370012e-001
  6.6431063e-001
  3.1078878e-001
  0.0000000e+000
  0.0000000e+000
  2.3576240e-001
  6.2869974e-001
  1.4240600e+000
  3.1909266e-002
  0.0000000e+000
  0.0000000e+000
  0.0000000e+000
  0.0000000e+000
  0.0000000e+000
  0.0000000e+000
  0.0000000e+000
  0.0000000e+000
  0.0000000e+000
  0.0000000e+000
  0.0000000e+000
  0.0000000e+000
  0.0000000e+000
  0.0000000e+000
  0.0000000e+000
  0.0000000e+000
  0.0000000e+000
  0.0000000e+000
  0.0000000e+000
  0.0000000e+000
  0.0000000e+000
  0.0000000e+000
  0.0000000e+000
  0.0000000e+000
  0.0000000e+000
  0.0000000e+000
  0.0000000e+000
  0.0000000e+000
  0.0000000e+000
  0.0000000e+000
  0.0000000e+000
  0.0000000e+000
  0.0000000e+000
  0.0000000e+000
  0.0000000e+000
  0.0000000e+000
  0.0000000e+000
  0.0000000e+000
  0.0000000e+000
  0.0000000e+000
  0.0000000e+000
  0.0000000e+000
  0.0000000e+000
  0.0000000e+000
  0.0000000e+000
  0.0000000e+000
  0.0000000e+000
  0.0000000e+000
  0.0000000e+000
  0.0000000e+000
  0.0000000e+000
  0.0000000e+000
  0.0000000e+000
  0.0000000e+000
  0.0000000e+000
  0.0000000e+000
  0.0000000e+000
  0.0000000e+000
  0.0000000e+000
  0.0000000e+000
  0.0000000e+000
  0.0000000e+000
  0.0000000e+000
  0.0000000e+000
  0.0000000e+000
  0.0000000e+000
  0.0000000e+000
  0.0000000e+000
  0.0000000e+000
  0.0000000e+000
  0.0000000e+000
  0.0000000e+000
  0.0000000e+000
  0.0000000e+000
  0.0000000e+000
  0.0000000e+000
  0.0000000e+000
  0.0000000e+000
  0.0000000e+000
  0.0000000e+000
  0.0000000e+000
  0.0000000e+000
  0.0000000e+000
  0.0000000e+000
  0.0000000e+000
  0.0000000e+000
  0.0000000e+000
  0.0000000e+000
  0.0000000e+000
  0.0000000e+000
  0.0000000e+000
  0.0000000e+000
  0.0000000e+000
  0.0000000e+000
  0.0000000e+000
  0.0000000e+000
  0.0000000e+000
  0.0000000e+000
  0.0000000e+000
  0.0000000e+000
  0.0000000e+000
  0.0000000e+000
  0.0000000e+000
  0.0000000e+000
  0.0000000e+000
  0.0000000e+000
  0.0000000e+000
  0.0000000e+000
  0.0000000e+000
  0.0000000e+000
  0.0000000e+000
  0.0000000e+000
  0.0000000e+000
  0.0000000e+000
  0.0000000e+000
  0.0000000e+000
  0.0000000e+000
  0.0000000e+000
  0.0000000e+000
  0.0000000e+000
  0.0000000e+000
  0.0000000e+000
  0.0000000e+000
  0.0000000e+000
  0.0000000e+000
  0.0000000e+000
  0.0000000e+000
  0.0000000e+000
  0.0000000e+000
  0.0000000e+000
  0.0000000e+000
  0.0000000e+000
  0.0000000e+000
  0.0000000e+000
  0.0000000e+000
  0.0000000e+000
  0.0000000e+000
  0.0000000e+000
  0.0000000e+000
  0.0000000e+000
  0.0000000e+000
  0.0000000e+000
  0.0000000e+000
  0.0000000e+000
  0.0000000e+000
  0.0000000e+000
  0.0000000e+000
  0.0000000e+000
  0.0000000e+000
  0.0000000e+000
  0.0000000e+000
  0.0000000e+000
  0.0000000e+000
  0.0000000e+000
  0.0000000e+000
  0.0000000e+000
  0.0000000e+000
  0.0000000e+000
  0.0000000e+000
  0.0000000e+000
  0.0000000e+000
  0.0000000e+000
  0.0000000e+000
  0.0000000e+000
  0.0000000e+000
  0.0000000e+000
  0.0000000e+000
  0.0000000e+000
  0.0000000e+000
  0.0000000e+000
  0.0000000e+000
  0.0000000e+000
  0.0000000e+000
  0.0000000e+000
  0.0000000e+000
  0.0000000e+000
  0.0000000e+000
  0.0000000e+000
  0.0000000e+000
  0.0000000e+000
  0.0000000e+000
  0.0000000e+000
  0.0000000e+000
  0.0000000e+000
  0.0000000e+000
  0.0000000e+000
  0.0000000e+000
  0.0000000e+000
  0.0000000e+000
  0.0000000e+000
  0.0000000e+000
  0.0000000e+000
  0.0000000e+000
  1.6636909e-001
  0.0000000e+000
  0.0000000e+000
  1.5000766e+000
  7.4348096e-001
  3.4957909e-001
  0.0000000e+000
  0.0000000e+000
  0.0000000e+000
  1.8302022e+000
  1.5814993e+000
  2.2893964e-001
  2.3463419e+000
  1.1862889e+000
  2.3309159e-001
  1.4820182e+000
  5.9606894e+000
  3.0500810e+000
  1.3688951e+000
  0.0000000e+000
  1.7824676e+000
  2.4029188e+000
  1.8799427e+000
  1.3825371e+000
  1.6312399e+000
  7.5702274e+000
  1.6714632e+001
  0.0000000e+000
  0.0000000e+000
  6.8846674e+000
  1.7741450e+001
  2.6730912e+001
  2.8332615e+001
  3.1536874e+001
  1.8129476e+000
  1.4459469e+001
  1.2523493e+001
  8.4562004e+000
  1.5271536e+001
  1.2890302e+001
  3.1279994e+000
  6.4356579e+000
  2.1983152e+001
  2.3107983e+001
  2.8155239e+001
  3.2902999e+001
  6.1580796e+001
  1.7847054e+001
  2.0523654e+001
  1.3404383e-001
  3.2164691e-001
  3.9157951e+000
  9.3501303e+000
  1.9382441e+001
  1.2009047e+001
  1.6510707e+001
  3.1970673e+001
  2.6562936e+001
  3.8552683e+001
  3.4882129e+001
  3.1599705e+001
  5.8614166e+000
  7.7826862e+000
  8.9052098e+000
  1.7741450e+001
  2.3882256e+001
  2.1904841e+001
  2.9589622e+001
  3.1153642e+001
  2.7222641e+001
  2.8630015e+001
  3.1695440e+001
  5.3917944e+001
  7.6405384e+000
  6.4085856e+000
  1.7496666e+001
  4.4148597e+001
  7.2752622e+001
  8.6511927e-001
  0.0000000e+000
  4.4945883e-001
  4.4414291e+000
  2.0303965e+001
  2.6974257e+001
  4.1019451e+001
  3.0076707e+001
  3.1621371e+001
  9.1738088e+000
  3.8539854e+000
  2.5618933e+000
  5.5160081e+000
  2.9083383e+001
  2.9023838e+001
  9.6116629e+000
  2.0953734e+001
  4.1499928e+001
  4.0506604e+001
  4.6016317e+001
  1.0505361e+001
  1.8691628e+001
  3.8023295e+001
  4.2937328e+001
  3.6418871e+001
  2.7096736e+001
  3.3553339e+001
  3.5043325e+001
  3.5500661e+001
  3.0268083e+001
  2.7477490e+001
  1.4172761e+001
  2.4116765e+001
  2.4990469e+001
  3.7596236e+001
  4.8525175e+001
  3.5333340e+001
  3.8774688e+001
  4.1068920e+001
  3.7911398e+001
  3.7627572e+001
  4.5083827e+001
  7.1842885e+001
  4.4374541e+001
  3.5281772e+001
  1.2726643e+001
  3.5906898e+001
  2.7393059e+001
  1.7893743e+000
  1.5610949e+000
  1.6327213e+000
  6.4085856e+000
  1.2745892e+000
  2.1341062e+000
  4.9281698e+000
  5.5930243e+000
  0.0000000e+000
  0.0000000e+000
  9.1189907e+000
  8.1404954e+000
  3.1463384e+001
  2.4811150e-001
  3.7267593e+000
  5.9936732e+000
  3.8307879e+001
  3.6061208e-002
  2.2568074e+000
  1.4820182e+000
  1.5068955e+000
  1.2389930e+001
  1.0851112e+001
  1.8793067e+001
  2.3320283e+001
  7.6196899e+001
  4.1987459e+001
  6.2074926e+001
  5.2650290e+000
  0.0000000e+000
  0.0000000e+000
  0.0000000e+000
  0.0000000e+000
  0.0000000e+000
  3.3444798e+000
  0.0000000e+000
  0.0000000e+000
  0.0000000e+000
  0.0000000e+000
  2.7173618e+000
  1.8083014e+000
  6.0681423e-001
  0.0000000e+000
  0.0000000e+000
  1.2348512e-001
  1.0827871e+001
  2.3310759e+001
  6.1813704e+000
  0.0000000e+000
  0.0000000e+000
  8.0426298e-002
  0.0000000e+000
  0.0000000e+000
  6.2279121e-002
  0.0000000e+000
  0.0000000e+000
  0.0000000e+000
  0.0000000e+000
  0.0000000e+000
  0.0000000e+000
  0.0000000e+000
  0.0000000e+000
  0.0000000e+000
  0.0000000e+000
  0.0000000e+000
  0.0000000e+000
  0.0000000e+000
  0.0000000e+000
  0.0000000e+000
  0.0000000e+000
  0.0000000e+000
  0.0000000e+000
  0.0000000e+000
  0.0000000e+000
  0.0000000e+000
  0.0000000e+000
  0.0000000e+000
  0.0000000e+000
  0.0000000e+000
  0.0000000e+000
  0.0000000e+000
  0.0000000e+000
  0.0000000e+000
  0.0000000e+000
  0.0000000e+000
  0.0000000e+000
  0.0000000e+000
  0.0000000e+000
  0.0000000e+000
  0.0000000e+000
  0.0000000e+000
  0.0000000e+000
  0.0000000e+000
  0.0000000e+000
  0.0000000e+000
  0.0000000e+000
  0.0000000e+000
  0.0000000e+000
  0.0000000e+000
  0.0000000e+000
  0.0000000e+000
  0.0000000e+000
  0.0000000e+000
  0.0000000e+000
  0.0000000e+000
  0.0000000e+000
  0.0000000e+000
  0.0000000e+000
  0.0000000e+000
  0.0000000e+000
  0.0000000e+000
  0.0000000e+000
  0.0000000e+000
  0.0000000e+000
  0.0000000e+000
  0.0000000e+000
  0.0000000e+000
  0.0000000e+000
  0.0000000e+000
  0.0000000e+000
  0.0000000e+000
  0.0000000e+000
  0.0000000e+000
  0.0000000e+000
  0.0000000e+000
  0.0000000e+000
  0.0000000e+000
  0.0000000e+000
  0.0000000e+000
  0.0000000e+000
  0.0000000e+000
  0.0000000e+000
  0.0000000e+000
  0.0000000e+000
  0.0000000e+000
  0.0000000e+000
  0.0000000e+000
  0.0000000e+000
  0.0000000e+000
  0.0000000e+000
  0.0000000e+000
  0.0000000e+000
  0.0000000e+000
  0.0000000e+000
  0.0000000e+000
  0.0000000e+000
  0.0000000e+000
  0.0000000e+000
  0.0000000e+000
  0.0000000e+000
  0.0000000e+000
  0.0000000e+000
  0.0000000e+000
  0.0000000e+000
  0.0000000e+000
  0.0000000e+000
  0.0000000e+000
  0.0000000e+000
  0.0000000e+000
  0.0000000e+000
  0.0000000e+000
  0.0000000e+000
  0.0000000e+000
  0.0000000e+000
  0.0000000e+000
  0.0000000e+000
  0.0000000e+000
  0.0000000e+000
  0.0000000e+000
  0.0000000e+000
  0.0000000e+000
  0.0000000e+000
  0.0000000e+000
  0.0000000e+000
  0.0000000e+000
  0.0000000e+000
  0.0000000e+000
  0.0000000e+000
  0.0000000e+000
  0.0000000e+000
  0.0000000e+000
  0.0000000e+000
  0.0000000e+000
  0.0000000e+000
  0.0000000e+000
  0.0000000e+000
  0.0000000e+000
  0.0000000e+000
  0.0000000e+000
  0.0000000e+000
  0.0000000e+000
  0.0000000e+000
  0.0000000e+000
  0.0000000e+000
  0.0000000e+000
  0.0000000e+000
  0.0000000e+000
  0.0000000e+000
  0.0000000e+000
  0.0000000e+000
  0.0000000e+000
  0.0000000e+000
  0.0000000e+000
  0.0000000e+000
  0.0000000e+000
  0.0000000e+000
  0.0000000e+000
  0.0000000e+000
  0.0000000e+000
  0.0000000e+000
  0.0000000e+000
  0.0000000e+000
  0.0000000e+000
  0.0000000e+000
  0.0000000e+000
  0.0000000e+000
  0.0000000e+000
  0.0000000e+000
  0.0000000e+000
  0.0000000e+000
  0.0000000e+000
  0.0000000e+000
  0.0000000e+000
  0.0000000e+000
  0.0000000e+000
  0.0000000e+000
  0.0000000e+000
  0.0000000e+000
  0.0000000e+000
  0.0000000e+000
  0.0000000e+000
  0.0000000e+000
  0.0000000e+000
  0.0000000e+000
  0.0000000e+000
  0.0000000e+000
  0.0000000e+000
  0.0000000e+000
  0.0000000e+000
  0.0000000e+000
  0.0000000e+000
  0.0000000e+000
  0.0000000e+000
  0.0000000e+000
  1.1338342e+000
  1.6809805e+000
  3.0814961e+000
  0.0000000e+000
  1.2333154e+000
  5.3099813e+000
  0.0000000e+000
  0.0000000e+000
  1.3825371e+000
  4.0308223e+000
  0.0000000e+000
  1.3825371e+000
  0.0000000e+000
  1.3327965e+000
  5.0503177e-001
  2.5736415e+000
  1.5814993e+000
  3.3834876e+000
  3.4949239e+001
  0.0000000e+000
  0.0000000e+000
  0.0000000e+000
  2.9762154e+000
  6.7343161e+000
  2.6149514e+001
  1.8264040e+001
  1.6100460e+001
  1.2007361e+001
  2.9089020e+000
  4.7274753e+000
  7.2821455e+000
  1.0064478e+001
  1.4869717e+001
  2.5306584e+001
  3.4573546e+001
  1.3354512e+001
  1.2922862e+001
  0.0000000e+000
  1.9964291e-001
  1.8561945e+001
  3.6590897e+001
  1.8388310e-001
  0.0000000e+000
  0.0000000e+000
  1.6312399e+000
  1.6809805e+000
  6.4356579e+000
  1.6100460e+001
  1.4049221e+001
  1.3638974e+001
  1.8972193e+001
  3.2421266e+001
  8.9509158e+000
  2.2457928e+001
  2.7205688e+001
  3.5276879e+001
  5.6511075e+001
  3.7831427e+001
  4.5291808e+001
  2.4573003e+001
  3.1003895e+001
  3.8427693e+001
  4.0499414e+001
  4.2398518e+001
  3.8337791e+001
  4.8570605e+001
  3.8600310e+001
  4.1411129e+001
  3.9579493e+001
  1.8151698e+001
  2.2409321e+001
  2.4831808e+001
  2.6256136e+001
  3.2902999e+001
  3.8918006e+001
  3.2861738e+001
  4.1543731e+001
  2.7904655e+001
  4.2989913e+001
  5.3210031e+001
  5.5734919e+001
  4.9095957e+001
  1.8601270e+001
  3.9513281e+001
  4.7956531e+001
  4.1003266e+001
  3.8519957e+001
  4.1499928e+001
  4.0009943e+001
  4.1996590e+001
  3.2063354e+001
  3.3553339e+001
  3.1070030e+001
  3.2903096e+001
  3.4275987e+001
  3.9513281e+001
  4.0009943e+001
  4.7459869e+001
  4.7459869e+001
  5.1569932e+001
  6.0804763e+001
  4.3023197e+001
  4.3486575e+001
  7.0764958e+001
  2.4545267e+001
  1.6062213e+001
  2.4665170e+001
  1.4546006e+001
  3.0744876e+001
  2.8047171e+001
  3.9533182e+001
  1.3101618e+001
  1.8712384e+000
  3.1318434e+001
  3.8938240e+001
  4.6804501e+001
  4.3201990e+001
  3.6066099e+001
  1.4098255e+001
  1.0345897e+000
  3.1891992e+001
  3.1318434e+001
  3.6480456e+001
  3.0155027e+001
  1.8499136e+001
  4.7627727e+001
  9.2192006e+000
  8.0023876e+000
  1.0883781e+001
  1.1853642e+001
  3.3547382e+001
  3.6702902e+001
  4.0793836e+001
  2.9596156e-001
  4.5669519e+000
  3.9688999e+000
  1.4313334e+001
  1.7132064e+001
  7.9058992e+000
  0.0000000e+000
  0.0000000e+000
  0.0000000e+000
  0.0000000e+000
  0.0000000e+000
  0.0000000e+000
  1.1328412e-001
  9.4656964e+000
  4.7671692e+001
  2.8105843e+001
  7.3266412e+000
  7.1690836e+000
  5.5534937e+000
  8.8724912e+000
  2.6354911e+000
  6.9013667e+000
  6.9013667e+000
  1.1012390e+001
  8.6696870e+000
  3.1571021e-001
  0.0000000e+000
  0.0000000e+000
  0.0000000e+000
  0.0000000e+000
  0.0000000e+000
  0.0000000e+000
  0.0000000e+000
  6.8102592e-002
  1.9908534e+000
  7.0157789e-001
  0.0000000e+000
  0.0000000e+000
  0.0000000e+000
  5.6940158e-002
  0.0000000e+000
  1.0085481e+000
  0.0000000e+000
  0.0000000e+000
  0.0000000e+000
  0.0000000e+000
  0.0000000e+000
  0.0000000e+000
  0.0000000e+000
  0.0000000e+000
  0.0000000e+000
  0.0000000e+000
  0.0000000e+000
  0.0000000e+000
  0.0000000e+000
  8.5555942e-001
  3.2929366e+000
  8.3842308e+000
  0.0000000e+000
  0.0000000e+000
  0.0000000e+000
  0.0000000e+000
  0.0000000e+000
  0.0000000e+000
  0.0000000e+000
  0.0000000e+000
  0.0000000e+000
  0.0000000e+000
  0.0000000e+000
  0.0000000e+000
  0.0000000e+000
  0.0000000e+000
  0.0000000e+000
  0.0000000e+000
  0.0000000e+000
  0.0000000e+000
  0.0000000e+000
  0.0000000e+000
  0.0000000e+000
  0.0000000e+000
  0.0000000e+000
  0.0000000e+000
  0.0000000e+000
  0.0000000e+000
  0.0000000e+000
  0.0000000e+000
  0.0000000e+000
  0.0000000e+000
  0.0000000e+000
  0.0000000e+000
  0.0000000e+000
  0.0000000e+000
  0.0000000e+000
  0.0000000e+000
  0.0000000e+000
  0.0000000e+000
  0.0000000e+000
  0.0000000e+000
  0.0000000e+000
  0.0000000e+000
  0.0000000e+000
  0.0000000e+000
  0.0000000e+000
  0.0000000e+000
  0.0000000e+000
  0.0000000e+000
  0.0000000e+000
  0.0000000e+000
  0.0000000e+000
  0.0000000e+000
  0.0000000e+000
  0.0000000e+000
  0.0000000e+000
  0.0000000e+000
  0.0000000e+000
  0.0000000e+000
  0.0000000e+000
  0.0000000e+000
  0.0000000e+000
  0.0000000e+000
  0.0000000e+000
  0.0000000e+000
  0.0000000e+000
  0.0000000e+000
  0.0000000e+000
  0.0000000e+000
  0.0000000e+000
  0.0000000e+000
  0.0000000e+000
  0.0000000e+000
  0.0000000e+000
  0.0000000e+000
  0.0000000e+000
  0.0000000e+000
  0.0000000e+000
  0.0000000e+000
  0.0000000e+000
  0.0000000e+000
  0.0000000e+000
  0.0000000e+000
  0.0000000e+000
  0.0000000e+000
  0.0000000e+000
  0.0000000e+000
  0.0000000e+000
  0.0000000e+000
  0.0000000e+000
  0.0000000e+000
  0.0000000e+000
  0.0000000e+000
  0.0000000e+000
  0.0000000e+000
  0.0000000e+000
  0.0000000e+000
  0.0000000e+000
  0.0000000e+000
  0.0000000e+000
  0.0000000e+000
  0.0000000e+000
  0.0000000e+000
  0.0000000e+000
  0.0000000e+000
  0.0000000e+000
  0.0000000e+000
  0.0000000e+000
  0.0000000e+000
  0.0000000e+000
  0.0000000e+000
  0.0000000e+000
  0.0000000e+000
  0.0000000e+000
  0.0000000e+000
  0.0000000e+000
  0.0000000e+000
  0.0000000e+000
  0.0000000e+000
  0.0000000e+000
  0.0000000e+000
  0.0000000e+000
  0.0000000e+000
  0.0000000e+000
  0.0000000e+000
  0.0000000e+000
  0.0000000e+000
  0.0000000e+000
  0.0000000e+000
  0.0000000e+000
  0.0000000e+000
  0.0000000e+000
  0.0000000e+000
  0.0000000e+000
  0.0000000e+000
  0.0000000e+000
  0.0000000e+000
  0.0000000e+000
  0.0000000e+000
  0.0000000e+000
  0.0000000e+000
  0.0000000e+000
  0.0000000e+000
  0.0000000e+000
  0.0000000e+000
  0.0000000e+000
  0.0000000e+000
  0.0000000e+000
  0.0000000e+000
  0.0000000e+000
  0.0000000e+000
  0.0000000e+000
  0.0000000e+000
  0.0000000e+000
  0.0000000e+000
  0.0000000e+000
  0.0000000e+000
  0.0000000e+000
  0.0000000e+000
  0.0000000e+000
  0.0000000e+000
  0.0000000e+000
  0.0000000e+000
  0.0000000e+000
  0.0000000e+000
  0.0000000e+000
  0.0000000e+000
  0.0000000e+000
  0.0000000e+000
  0.0000000e+000
  0.0000000e+000
  0.0000000e+000
  0.0000000e+000
  0.0000000e+000
  0.0000000e+000
  0.0000000e+000
  0.0000000e+000
  0.0000000e+000
  0.0000000e+000
  0.0000000e+000
  0.0000000e+000
  1.0840937e+000
  0.0000000e+000
  1.9296833e+000
  1.2830559e+000
  1.0455511e+001
  1.0533795e+000
  3.4578486e+000
  4.8724230e+000
  0.0000000e+000
  0.0000000e+000
  0.0000000e+000
  0.0000000e+000
  4.5313649e+000
  0.0000000e+000
  0.0000000e+000
  0.0000000e+000
  0.0000000e+000
  0.0000000e+000
  1.5814993e+000
  6.8846674e+000
  8.6807051e+000
  5.6519796e+000
  1.5814993e+000
  1.4049221e+001
  3.2265464e+001
  1.4014093e+001
  0.0000000e+000
  2.5968733e+000
  4.3498532e+000
  3.2772766e+000
  6.4493462e+000
  1.0216371e+000
  0.0000000e+000
  1.3327965e+000
  2.9238548e+000
  8.8978180e-001
  1.2430386e+001
  0.0000000e+000
  1.0344083e-001
  2.2065972e-002
  0.0000000e+000
  0.0000000e+000
  1.5317588e+000
  9.4626322e+000
  1.2114887e+001
  2.8630015e+001
  3.1003895e+001
  2.7840711e+001
  2.7121762e+001
  4.1553588e-001
  2.0759707e-002
  5.9866485e+000
  2.3407480e+001
  3.0054343e+001
  3.2428223e+001
  3.1478671e+001
  3.2428223e+001
  4.7112508e+001
  3.9937282e+001
  5.4538403e+001
  1.9059887e+001
  1.3705440e+001
  1.8561945e+001
  2.6730912e+001
  3.3377775e+001
  3.6226430e+001
  3.3852551e+001
  3.3852551e+001
  3.8927248e+001
  4.3025421e+001
  3.4987186e+001
  3.0054343e+001
  2.9553982e+001
  2.6256136e+001
  3.1478671e+001
  3.9549862e+001
  4.4772397e+001
  5.0469709e+001
  4.5247173e+001
  4.1923742e+001
  4.7146277e+001
  4.4297622e+001
  5.0469709e+001
  4.7602029e+001
  3.3564705e+001
  3.6533310e+001
  3.5550565e+001
  4.1075530e+001
  3.8011105e+001
  3.6036648e+001
  3.4050001e+001
  3.7029972e+001
  3.9513281e+001
  4.3664978e+001
  4.3811543e+001
  4.2420693e+001
  2.5606751e+001
  3.3553339e+001
  7.8633738e+001
  4.5144574e+001
  3.3636322e+001
  2.5456047e+001
  1.9657334e+001
  1.8360933e+001
  1.0104444e+001
  1.6200266e+001
  3.3807178e+001
  2.0599028e+001
  2.7143165e+001
  1.6632399e+001
  2.8090060e+001
  2.0762999e+001
  2.5670260e+001
  2.0291681e+001
  6.8823793e+001
  0.0000000e+000
  0.0000000e+000
  0.0000000e+000
  0.0000000e+000
  0.0000000e+000
  1.0343531e+000
  3.6953596e+000
  0.0000000e+000
  8.7781622e-002
  1.8799427e+000
  9.0736895e+000
  6.0916627e+000
  1.8892958e+000
  6.8846674e+000
  8.0071910e+000
  4.5947283e+001
  0.0000000e+000
  1.5954633e-001
  0.0000000e+000
  9.2762355e-001
  1.5814993e+000
  1.7804616e+000
  1.8136214e+001
  4.8279892e-001
  1.6409820e+000
  0.0000000e+000
  2.0343714e+000
  1.0375294e+000
  0.0000000e+000
  0.0000000e+000
  3.7454903e+000
  1.8300600e+000
  0.0000000e+000
  0.0000000e+000
  0.0000000e+000
  0.0000000e+000
  1.0343531e+000
  7.2099973e+000
  7.2766867e+000
  3.3082223e+000
  1.1835748e+000
  1.1835748e+000
  1.6312399e+000
  8.0071910e+000
  1.6809805e+000
  1.1338342e+000
  0.0000000e+000
  0.0000000e+000
  0.0000000e+000
  0.0000000e+000
  0.0000000e+000
  0.0000000e+000
  0.0000000e+000
  0.0000000e+000
  0.0000000e+000
  0.0000000e+000
  0.0000000e+000
  0.0000000e+000
  0.0000000e+000
  0.0000000e+000
  0.0000000e+000
  0.0000000e+000
  0.0000000e+000
  0.0000000e+000
  0.0000000e+000
  0.0000000e+000
  0.0000000e+000
  0.0000000e+000
  0.0000000e+000
  0.0000000e+000
  0.0000000e+000
  0.0000000e+000
  0.0000000e+000
  0.0000000e+000
  0.0000000e+000
  0.0000000e+000
  0.0000000e+000
  0.0000000e+000
  0.0000000e+000
  0.0000000e+000
  0.0000000e+000
  0.0000000e+000
  0.0000000e+000
  0.0000000e+000
  0.0000000e+000
  0.0000000e+000
  0.0000000e+000
  0.0000000e+000
  0.0000000e+000
  0.0000000e+000
  0.0000000e+000
  0.0000000e+000
  0.0000000e+000
  0.0000000e+000
  0.0000000e+000
  0.0000000e+000
  0.0000000e+000
  0.0000000e+000
  0.0000000e+000
  0.0000000e+000
  0.0000000e+000
  0.0000000e+000
  0.0000000e+000
  0.0000000e+000
  0.0000000e+000
  0.0000000e+000
  0.0000000e+000
  0.0000000e+000
  0.0000000e+000
  0.0000000e+000
  0.0000000e+000
  0.0000000e+000
  0.0000000e+000
  0.0000000e+000
  0.0000000e+000
  0.0000000e+000
  0.0000000e+000
  0.0000000e+000
  0.0000000e+000
  0.0000000e+000
  0.0000000e+000
  0.0000000e+000
  0.0000000e+000
  0.0000000e+000
  0.0000000e+000
  0.0000000e+000
  0.0000000e+000
  0.0000000e+000
  0.0000000e+000
  0.0000000e+000
  0.0000000e+000
  0.0000000e+000
  0.0000000e+000
  0.0000000e+000
  0.0000000e+000
  0.0000000e+000
  0.0000000e+000
  0.0000000e+000
  0.0000000e+000
  0.0000000e+000
  0.0000000e+000
  0.0000000e+000
  0.0000000e+000
  0.0000000e+000
  0.0000000e+000
  0.0000000e+000
  0.0000000e+000
  0.0000000e+000
  0.0000000e+000
  0.0000000e+000
  0.0000000e+000
  0.0000000e+000
  0.0000000e+000
  0.0000000e+000
  0.0000000e+000
  0.0000000e+000
  0.0000000e+000
  0.0000000e+000
  0.0000000e+000
  0.0000000e+000
  0.0000000e+000
  0.0000000e+000
  0.0000000e+000
  0.0000000e+000
  0.0000000e+000
  0.0000000e+000
  0.0000000e+000
  0.0000000e+000
  0.0000000e+000
  0.0000000e+000
  0.0000000e+000
  0.0000000e+000
  0.0000000e+000
  0.0000000e+000
  0.0000000e+000
  0.0000000e+000
  0.0000000e+000
  0.0000000e+000
  0.0000000e+000
  0.0000000e+000
  0.0000000e+000
  0.0000000e+000
  0.0000000e+000
  0.0000000e+000
  0.0000000e+000
  0.0000000e+000
  0.0000000e+000
  0.0000000e+000
  0.0000000e+000
  0.0000000e+000
  0.0000000e+000
  0.0000000e+000
  0.0000000e+000
  0.0000000e+000
  0.0000000e+000
  0.0000000e+000
  0.0000000e+000
  0.0000000e+000
  0.0000000e+000
  0.0000000e+000
  0.0000000e+000
  0.0000000e+000
  0.0000000e+000
  0.0000000e+000
  0.0000000e+000
  0.0000000e+000
  0.0000000e+000
  0.0000000e+000
  0.0000000e+000
  0.0000000e+000
  0.0000000e+000
  0.0000000e+000
  0.0000000e+000
  0.0000000e+000
  0.0000000e+000
  0.0000000e+000
  0.0000000e+000
  0.0000000e+000
  0.0000000e+000
  0.0000000e+000
  0.0000000e+000
  0.0000000e+000
  0.0000000e+000
  0.0000000e+000
  0.0000000e+000
  0.0000000e+000
  0.0000000e+000
  0.0000000e+000
  0.0000000e+000
  0.0000000e+000
  0.0000000e+000
  0.0000000e+000
  0.0000000e+000
  0.0000000e+000
  0.0000000e+000
  0.0000000e+000
  0.0000000e+000
  0.0000000e+000
  0.0000000e+000
  3.4222377e-001
  3.3273818e-002
  0.0000000e+000
  0.0000000e+000
  1.3327965e+000
  1.1338342e+000
  2.1814980e+000
  1.2621423e-001
  6.9844597e+000
  0.0000000e+000
  0.0000000e+000
  0.0000000e+000
  0.0000000e+000
  0.0000000e+000
  0.0000000e+000
  1.5861759e+000
  2.7472757e-001
  0.0000000e+000
  1.7314990e+000
  4.3077510e+000
  3.1909266e-002
  6.6601627e+000
  8.6807051e+000
  2.2911423e+001
  6.4368307e+000
  2.0803980e+001
  0.0000000e+000
  0.0000000e+000
  0.0000000e+000
  3.7532273e-001
  1.5980758e+000
  1.1395727e+001
  1.8545342e+001
  9.9790926e+000
  3.2458046e+001
  3.3305532e+000
  1.7307210e+000
  2.4357032e+001
  3.1003895e+001
  2.3407480e+001
  9.0431688e+000
  9.8816269e+000
  2.4357032e+001
  2.9579567e+001
  3.4802103e+001
  3.5276879e+001
  3.0054343e+001
  2.4831808e+001
  3.0054343e+001
  3.5751655e+001
  3.7650758e+001
  2.7205688e+001
  2.1983152e+001
  2.3407480e+001
  1.8972193e+001
  1.7035582e+001
  2.7096736e+001
  2.5606751e+001
  2.1115696e+001
  1.0796683e+001
  0.0000000e+000
  0.0000000e+000
  2.6808766e-002
  1.4820182e+000
  5.6128611e-001
  6.4085856e+000
  1.5768132e+001
  2.4116765e+001
  2.3288568e+001
  8.6166255e+000
  2.4226267e+000
  8.8724912e+000
  2.0897403e+001
  2.0911960e+001
  1.7640053e+001
  4.5736141e+001
  0.0000000e+000
  4.4394234e-001
  6.6148912e+000
  1.3638974e+001
  1.9382441e+001
  3.2842483e+001
  3.9513281e+001
  4.2989913e+001
  3.9016619e+001
  3.2063354e+001
  2.5606751e+001
  2.0953734e+001
  2.7096736e+001
  2.1385868e+001
  2.6103412e+001
  6.2150980e+001
  2.8323709e+001
  2.4613427e+001
  3.0076707e+001
  3.3563593e+001
  2.6120386e+001
  3.6533310e+001
  3.2938907e+001
  2.6600074e+001
  3.9409030e+001
  3.8701016e+001
  2.6797046e+001
  1.5048659e+001
  2.0691527e+001
  3.4616018e+001
  3.7420367e+001
  3.6716991e+001
  4.5083827e+001
  8.7089469e+001
  4.0652371e+001
  6.0990139e+000
  2.9044199e+000
  2.1925850e+001
  2.1925850e+001
  1.8871672e+001
  2.5489058e+001
  2.9024202e+001
  3.2084103e+001
  3.0202331e+001
  2.0046967e+001
  1.9889731e+001
  3.5906898e+001
  1.8110039e+001
  5.8314112e+000
  1.4164771e+001
  3.9090639e+001
  1.8333276e+000
  8.5314573e-003
  4.2115958e+000
  7.0043399e+000
  2.8016116e+000
  6.2995148e-001
  6.6810531e+000
  1.2500215e+001
  8.2974871e+000
  2.8016116e+000
  1.1313364e+000
  0.0000000e+000
  9.8808355e-001
  7.7320431e-001
  1.2029628e+000
  2.1335950e+001
  0.0000000e+000
  0.0000000e+000
  0.0000000e+000
  0.0000000e+000
  1.0343531e+000
  1.3327965e+000
  1.2830559e+000
  9.6154651e-001
  1.1245126e+000
  1.4749030e+000
  0.0000000e+000
  0.0000000e+000
  0.0000000e+000
  0.0000000e+000
  4.4744195e+000
  3.8848598e-002
  0.0000000e+000
  6.9995300e+000
  9.1500728e+000
  0.0000000e+000
  0.0000000e+000
  0.0000000e+000
  0.0000000e+000
  0.0000000e+000
  4.9571281e-001
  0.0000000e+000
  2.7181940e-001
  0.0000000e+000
  0.0000000e+000
  0.0000000e+000
  1.8030604e-002
  3.5100193e-001
  4.6158346e+000
  0.0000000e+000
  0.0000000e+000
  0.0000000e+000
  0.0000000e+000
  0.0000000e+000
  0.0000000e+000
  0.0000000e+000
  0.0000000e+000
  0.0000000e+000
  0.0000000e+000
  0.0000000e+000
  0.0000000e+000
  0.0000000e+000
  0.0000000e+000
  0.0000000e+000
  0.0000000e+000
  0.0000000e+000
  0.0000000e+000
  0.0000000e+000
  0.0000000e+000
  0.0000000e+000
  0.0000000e+000
  0.0000000e+000
  0.0000000e+000
  0.0000000e+000
  0.0000000e+000
  0.0000000e+000
  0.0000000e+000
  0.0000000e+000
  0.0000000e+000
  0.0000000e+000
  0.0000000e+000
  0.0000000e+000
  0.0000000e+000
  0.0000000e+000
  0.0000000e+000
  0.0000000e+000
  0.0000000e+000
  0.0000000e+000
  0.0000000e+000
  0.0000000e+000
  0.0000000e+000
  0.0000000e+000
  0.0000000e+000
  0.0000000e+000
  0.0000000e+000
  0.0000000e+000
  0.0000000e+000
  0.0000000e+000
  0.0000000e+000
  0.0000000e+000
  0.0000000e+000
  0.0000000e+000
  0.0000000e+000
  0.0000000e+000
  0.0000000e+000
  0.0000000e+000
  0.0000000e+000
  0.0000000e+000
  0.0000000e+000
  0.0000000e+000
  0.0000000e+000
  0.0000000e+000
  0.0000000e+000
  0.0000000e+000
  0.0000000e+000
  0.0000000e+000
  0.0000000e+000
  0.0000000e+000
  0.0000000e+000
  0.0000000e+000
  0.0000000e+000
  0.0000000e+000
  0.0000000e+000
  0.0000000e+000
  0.0000000e+000
  0.0000000e+000
  0.0000000e+000
  0.0000000e+000
  0.0000000e+000
  0.0000000e+000
  0.0000000e+000
  0.0000000e+000
  0.0000000e+000
  0.0000000e+000
  0.0000000e+000
  0.0000000e+000
  0.0000000e+000
  0.0000000e+000
  0.0000000e+000
  0.0000000e+000
  0.0000000e+000
  0.0000000e+000
  0.0000000e+000
  0.0000000e+000
  0.0000000e+000
  0.0000000e+000
  0.0000000e+000
  0.0000000e+000
  0.0000000e+000
  0.0000000e+000
  0.0000000e+000
  0.0000000e+000
  0.0000000e+000
  0.0000000e+000
  0.0000000e+000
  0.0000000e+000
  0.0000000e+000
  0.0000000e+000
  0.0000000e+000
  0.0000000e+000
  0.0000000e+000
  0.0000000e+000
  0.0000000e+000
  0.0000000e+000
  0.0000000e+000
  0.0000000e+000
  0.0000000e+000
  0.0000000e+000
  0.0000000e+000
  0.0000000e+000
  0.0000000e+000
  0.0000000e+000
  0.0000000e+000
  0.0000000e+000
  0.0000000e+000
  0.0000000e+000
  0.0000000e+000
  0.0000000e+000
  0.0000000e+000
  0.0000000e+000
  0.0000000e+000
  0.0000000e+000
  0.0000000e+000
  0.0000000e+000
  0.0000000e+000
  0.0000000e+000
  0.0000000e+000
  0.0000000e+000
  0.0000000e+000
  0.0000000e+000
  0.0000000e+000
  0.0000000e+000
  0.0000000e+000
  0.0000000e+000
  0.0000000e+000
  0.0000000e+000
  0.0000000e+000
  0.0000000e+000
  0.0000000e+000
  0.0000000e+000
  0.0000000e+000
  0.0000000e+000
  0.0000000e+000
  0.0000000e+000
  0.0000000e+000
  0.0000000e+000
  0.0000000e+000
  0.0000000e+000
  0.0000000e+000
  0.0000000e+000
  0.0000000e+000
  0.0000000e+000
  0.0000000e+000
  0.0000000e+000
  0.0000000e+000
  0.0000000e+000
  0.0000000e+000
  0.0000000e+000
  0.0000000e+000
  0.0000000e+000
  0.0000000e+000
  0.0000000e+000
  0.0000000e+000
  0.0000000e+000
  0.0000000e+000
  0.0000000e+000
  6.0618345e-001
  0.0000000e+000
  0.0000000e+000
  0.0000000e+000
  0.0000000e+000
  0.0000000e+000
  0.0000000e+000
  0.0000000e+000
  0.0000000e+000
  0.0000000e+000
  0.0000000e+000
  0.0000000e+000
  0.0000000e+000
  0.0000000e+000
  6.0771487e-001
  0.0000000e+000
  0.0000000e+000
  9.9690029e-001
  0.0000000e+000
  0.0000000e+000
  0.0000000e+000
  0.0000000e+000
  1.7804616e+000
  9.5950049e+000
  1.0960646e-001
  0.0000000e+000
  0.0000000e+000
  0.0000000e+000
  0.0000000e+000
  0.0000000e+000
  0.0000000e+000
  1.1338342e+000
  5.9866485e+000
  9.5950049e+000
  1.4459469e+001
  2.0589013e+000
  1.0560718e+001
  7.4846855e+000
  1.7307210e+000
  1.4790444e+001
  7.7921709e+000
  0.0000000e+000
  1.4322776e+000
  1.7804616e+000
  1.4085324e+001
  1.4459469e+001
  1.3638974e+001
  1.8302022e+000
  1.9296833e+000
  8.9052098e+000
  7.5613264e+000
  9.3830681e-002
  1.9296833e+000
  2.7174404e+000
  1.4049221e+001
  7.5581815e+000
  1.9792688e+001
  3.8499924e+001
  3.0040942e+001
  2.7205688e+001
  3.1003895e+001
  3.8910701e+001
  4.8467679e+001
  1.6643546e+001
  2.1323711e+001
  1.7741450e+001
  3.2670992e+001
  1.5690212e+001
  9.0209833e+000
  8.8564835e+000
  3.8325557e+000
  2.3869497e+001
  0.0000000e+000
  1.2830559e+000
  2.7283046e-001
  6.3572623e+000
  2.8384988e+000
  7.0695495e+000
  6.1032268e+001
  3.1451904e+001
  4.3474818e-001
  1.0166864e+001
  2.5422332e+000
  8.0333237e+000
  1.8565095e+001
  2.2415641e+001
  7.2299742e+000
  6.1592350e+000
  1.6510707e+001
  2.4597838e+001
  2.2860179e+001
  1.5768132e+001
  2.0521601e+001
  3.0573369e+001
  4.1325907e+001
  2.3620103e+001
  3.7029972e+001
  6.1436005e+001
  2.0279325e+001
  1.0997352e+001
  2.7452064e+000
  9.3652724e+000
  2.1385868e+001
  2.5704945e+001
  3.2156458e+001
  2.7066518e+001
  2.3478172e+001
  2.4116765e+001
  3.6619765e+001
  3.3553339e+001
  2.9580045e+001
  3.7678319e+001
  2.7785992e+001
  2.4568635e+001
  3.8519957e+001
  4.2430081e+001
  8.1887833e+001
  3.0573369e+001
  3.2202641e+001
  2.5280005e+001
  3.4050001e+001
  3.8519957e+001
  3.8023295e+001
  3.6036648e+001
  3.3932134e+001
  3.6036648e+001
  3.6036648e+001
  4.4634875e+001
  3.0744876e+001
  2.4470999e+001
  3.0171318e+001
  3.3612666e+001
  2.8642085e+001
  1.7533140e+001
  3.8774688e+001
  4.7951617e+001
  4.3968318e+001
  4.0083102e+001
  4.6000244e+001
  4.5354731e+001
  1.7421254e+000
  1.8268542e-001
  1.7440709e+001
  2.9580045e+001
  2.1285941e+001
  1.9884991e+001
  2.1416820e+001
  3.4186224e+001
  4.3354135e+001
  3.6842992e+001
  2.2434880e+001
  2.2434880e+001
  1.1853642e+001
  2.4980028e+001
  4.4534801e+001
  1.7754123e+001
  0.0000000e+000
  0.0000000e+000
  3.7107703e-001
  1.8476005e+000
  2.6354911e+000
  6.9521019e+000
  1.0237208e+001
  1.1530355e+001
  8.6380208e+000
  4.7153911e-001
  5.3879059e+000
  5.3879059e+000
  5.3879059e+000
  5.7111927e+000
  1.3462156e+000
  2.1550380e+000
  6.0344795e+000
  1.0560495e+001
  1.2176929e+001
  3.1248984e+000
  7.0157789e-001
  2.4783248e+000
  1.1313364e+000
  1.1192096e+001
  7.0326054e-001
  6.3577663e+000
  9.3025748e+000
  6.2603739e+000
  0.0000000e+000
  0.0000000e+000
  0.0000000e+000
  0.0000000e+000
  0.0000000e+000
  0.0000000e+000
  0.0000000e+000
  0.0000000e+000
  0.0000000e+000
  1.7757694e-001
  0.0000000e+000
  0.0000000e+000
  0.0000000e+000
  0.0000000e+000
  0.0000000e+000
  0.0000000e+000
  0.0000000e+000
  0.0000000e+000
  0.0000000e+000
  0.0000000e+000
  0.0000000e+000
  0.0000000e+000
  0.0000000e+000
  0.0000000e+000
  0.0000000e+000
  1.6898402e+000
  1.6607766e-002
  0.0000000e+000
  0.0000000e+000
  0.0000000e+000
  0.0000000e+000
  0.0000000e+000
  0.0000000e+000
  0.0000000e+000
  0.0000000e+000
  0.0000000e+000
  0.0000000e+000
  0.0000000e+000
  0.0000000e+000
  0.0000000e+000
  0.0000000e+000
  0.0000000e+000
  0.0000000e+000
  0.0000000e+000
  0.0000000e+000
  0.0000000e+000
  0.0000000e+000
  0.0000000e+000
  0.0000000e+000
  0.0000000e+000
  0.0000000e+000
  0.0000000e+000
  0.0000000e+000
  0.0000000e+000
  0.0000000e+000
  0.0000000e+000
  0.0000000e+000
  0.0000000e+000
  0.0000000e+000
  0.0000000e+000
  0.0000000e+000
  0.0000000e+000
  0.0000000e+000
  0.0000000e+000
  0.0000000e+000
  0.0000000e+000
  0.0000000e+000
  0.0000000e+000
  0.0000000e+000
  0.0000000e+000
  0.0000000e+000
  0.0000000e+000
  0.0000000e+000
  0.0000000e+000
  0.0000000e+000
  0.0000000e+000
  0.0000000e+000
  0.0000000e+000
  0.0000000e+000
  0.0000000e+000
  0.0000000e+000
  0.0000000e+000
  0.0000000e+000
  0.0000000e+000
  0.0000000e+000
  0.0000000e+000
  0.0000000e+000
  0.0000000e+000
  0.0000000e+000
  0.0000000e+000
  0.0000000e+000
  0.0000000e+000
  0.0000000e+000
  0.0000000e+000
  0.0000000e+000
  0.0000000e+000
  0.0000000e+000
  0.0000000e+000
  0.0000000e+000
  0.0000000e+000
  0.0000000e+000
  0.0000000e+000
  0.0000000e+000
  0.0000000e+000
  0.0000000e+000
  0.0000000e+000
  0.0000000e+000
  0.0000000e+000
  0.0000000e+000
  0.0000000e+000
  0.0000000e+000
  0.0000000e+000
  0.0000000e+000
  0.0000000e+000
  0.0000000e+000
  0.0000000e+000
  0.0000000e+000
  0.0000000e+000
  0.0000000e+000
  0.0000000e+000
  0.0000000e+000
  0.0000000e+000
  0.0000000e+000
  0.0000000e+000
  0.0000000e+000
  0.0000000e+000
  0.0000000e+000
  0.0000000e+000
  0.0000000e+000
  0.0000000e+000
  0.0000000e+000
  0.0000000e+000
  0.0000000e+000
  0.0000000e+000
  0.0000000e+000
  0.0000000e+000
  0.0000000e+000
  0.0000000e+000
  0.0000000e+000
  0.0000000e+000
  0.0000000e+000
  0.0000000e+000
  0.0000000e+000
  0.0000000e+000
  0.0000000e+000
  0.0000000e+000
  0.0000000e+000
  0.0000000e+000
  0.0000000e+000
  0.0000000e+000
  0.0000000e+000
  0.0000000e+000
  0.0000000e+000
  0.0000000e+000
  0.0000000e+000
  0.0000000e+000
  0.0000000e+000
  0.0000000e+000
  0.0000000e+000
  0.0000000e+000
  0.0000000e+000
  0.0000000e+000
  0.0000000e+000
  0.0000000e+000
  0.0000000e+000
  0.0000000e+000
  0.0000000e+000
  0.0000000e+000
  0.0000000e+000
  0.0000000e+000
  0.0000000e+000
  0.0000000e+000
  0.0000000e+000
  7.3925476e-001
  0.0000000e+000
  0.0000000e+000
  0.0000000e+000
  0.0000000e+000
  0.0000000e+000
  0.0000000e+000
  0.0000000e+000
  0.0000000e+000
  0.0000000e+000
  0.0000000e+000
  0.0000000e+000
  0.0000000e+000
  0.0000000e+000
  0.0000000e+000
  0.0000000e+000
  0.0000000e+000
  0.0000000e+000
  0.0000000e+000
  0.0000000e+000
  3.5515387e-001
  2.4969935e-002
  2.4349117e+000
  3.1385019e+000
  0.0000000e+000
  0.0000000e+000
  0.0000000e+000
  0.0000000e+000
  4.3595385e-001
  0.0000000e+000
  3.9127337e-001
  1.8571522e+000
  0.0000000e+000
  0.0000000e+000
  0.0000000e+000
  1.3327965e+000
  1.8799427e+000
  1.4049221e+001
  1.4459469e+001
  1.6920955e+001
  1.9792688e+001
  1.6167497e+001
  9.1297145e+000
  5.9866485e+000
  0.0000000e+000
  0.0000000e+000
  1.5317588e+000
  1.7804616e+000
  8.1506739e+000
  2.0800545e+000
  1.3825371e+000
  3.7541049e+000
  0.0000000e+000
  6.2111532e+000
  8.5736355e+000
  1.3232711e+001
  5.4755803e-001
  1.5317588e+000
  7.2680171e+000
  7.3336768e+000
  2.2465652e+001
  3.0060018e+001
  2.3407480e+001
  2.9104791e+001
  3.4000919e+001
  3.1380314e+001
  7.1091721e+000
  1.7331202e+001
  3.0328481e+001
  7.3235886e+000
  0.0000000e+000
  0.0000000e+000
  1.3208523e+001
  2.2504870e+000
  2.4016234e+000
  1.5317588e+000
  6.4356579e+000
  1.8561945e+001
  3.4327327e+001
  4.5247173e+001
  4.3348070e+001
  3.0529119e+001
  2.9579567e+001
  4.0024638e+001
  4.4173555e+001
  4.7314490e+001
  2.5628953e+001
  3.6533310e+001
  2.6103412e+001
  4.1335041e+001
  4.2801651e+001
  3.6233570e+001
  1.9657334e+001
  2.3123442e+001
  2.9580045e+001
  4.6824749e+001
  6.3323214e+000
  1.8221454e+000
  2.2076828e+001
  2.9083383e+001
  3.8023295e+001
  4.6324948e+001
  1.5483814e+001
  5.6556771e+000
  6.5029207e+000
  2.3793165e+001
  4.0009943e+001
  4.6496107e+001
  5.0936502e+001
  3.3920266e+001
  4.0912332e+001
  4.1996590e+001
  3.6025111e+001
  4.1068920e+001
  4.2789595e+001
  4.1583407e+001
  2.3598496e+001
  1.8139690e+001
  4.1642478e+001
  4.5357601e+001
  4.9188218e+001
  4.6109179e+001
  1.1459795e+001
  3.4392815e+001
  3.7054014e+001
  3.5333340e+001
  4.6804501e+001
  5.2540081e+001
  5.9996335e+001
  6.0569893e+001
  6.4584799e+001
  6.3437683e+001
  3.9921804e+001
  5.1392965e+001
  5.1392965e+001
  4.3936711e+001
  3.5390105e+001
  3.1318434e+001
  4.6230943e+001
  4.2216036e+001
  2.7252720e+001
  3.8209461e+001
  3.1891992e+001
  1.6893827e+001
  4.4153208e+000
  1.9380701e+001
  5.8291774e+000
  4.1010621e-002
  1.3462156e+000
  1.5610949e+000
  3.2589849e+000
  2.5489058e+001
  3.8774688e+001
  3.9781463e+001
  4.7030226e+001
  2.6922638e+001
  4.7849776e+000
  9.7808901e+000
  6.2041973e+000
  2.4980028e+001
  3.4186224e+001
  8.0693809e+001
  0.0000000e+000
  0.0000000e+000
  0.0000000e+000
  0.0000000e+000
  2.0435892e+000
  1.0171857e-001
  0.0000000e+000
  0.0000000e+000
  0.0000000e+000
  0.0000000e+000
  0.0000000e+000
  0.0000000e+000
  1.6312399e+000
  1.2333154e+000
  5.3353958e+000
  6.5409288e+000
  2.4345898e+000
  1.7086458e+000
  8.5954472e+000
  0.0000000e+000
  0.0000000e+000
  0.0000000e+000
  0.0000000e+000
  5.8127180e-002
  4.9195755e+000
  0.0000000e+000
  0.0000000e+000
  0.0000000e+000
  0.0000000e+000
  4.5313649e-001
  0.0000000e+000
  0.0000000e+000
  3.1434987e-002
  0.0000000e+000
  0.0000000e+000
  4.6408551e+000
  7.6582239e-001
  0.0000000e+000
  0.0000000e+000
  0.0000000e+000
  0.0000000e+000
  0.0000000e+000
  0.0000000e+000
  0.0000000e+000
  0.0000000e+000
  0.0000000e+000
  0.0000000e+000
  0.0000000e+000
  0.0000000e+000
  0.0000000e+000
  0.0000000e+000
  0.0000000e+000
  0.0000000e+000
  0.0000000e+000
  0.0000000e+000
  0.0000000e+000
  0.0000000e+000
  0.0000000e+000
  0.0000000e+000
  0.0000000e+000
  0.0000000e+000
  0.0000000e+000
  0.0000000e+000
  0.0000000e+000
  0.0000000e+000
  0.0000000e+000
  0.0000000e+000
  0.0000000e+000
  0.0000000e+000
  0.0000000e+000
  0.0000000e+000
  0.0000000e+000
  0.0000000e+000
  0.0000000e+000
  0.0000000e+000
  0.0000000e+000
  0.0000000e+000
  0.0000000e+000
  0.0000000e+000
  0.0000000e+000
  0.0000000e+000
  0.0000000e+000
  0.0000000e+000
  0.0000000e+000
  0.0000000e+000
  0.0000000e+000
  0.0000000e+000
  0.0000000e+000
  0.0000000e+000
  0.0000000e+000
  0.0000000e+000
  0.0000000e+000
  0.0000000e+000
  0.0000000e+000
  0.0000000e+000
  0.0000000e+000
  0.0000000e+000
  0.0000000e+000
  0.0000000e+000
  0.0000000e+000
  0.0000000e+000
  0.0000000e+000
  0.0000000e+000
  0.0000000e+000
  0.0000000e+000
  0.0000000e+000
  0.0000000e+000
  0.0000000e+000
  0.0000000e+000
  0.0000000e+000
  0.0000000e+000
  0.0000000e+000
  0.0000000e+000
  0.0000000e+000
  0.0000000e+000
  0.0000000e+000
  0.0000000e+000
  0.0000000e+000
  0.0000000e+000
  0.0000000e+000
  0.0000000e+000
  0.0000000e+000
  0.0000000e+000
  0.0000000e+000
  0.0000000e+000
  0.0000000e+000
  0.0000000e+000
  0.0000000e+000
  0.0000000e+000
  0.0000000e+000
  0.0000000e+000
  0.0000000e+000
  0.0000000e+000
  0.0000000e+000
  0.0000000e+000
  0.0000000e+000
  0.0000000e+000
  0.0000000e+000
  0.0000000e+000
  0.0000000e+000
  0.0000000e+000
  0.0000000e+000
  0.0000000e+000
  0.0000000e+000
  0.0000000e+000
  0.0000000e+000
  0.0000000e+000
  0.0000000e+000
  0.0000000e+000
  0.0000000e+000
  0.0000000e+000
  0.0000000e+000
  0.0000000e+000
  0.0000000e+000
  0.0000000e+000
  0.0000000e+000
  0.0000000e+000
  0.0000000e+000
  0.0000000e+000
  0.0000000e+000
  0.0000000e+000
  0.0000000e+000
  0.0000000e+000
  0.0000000e+000
  0.0000000e+000
  0.0000000e+000
  0.0000000e+000
  0.0000000e+000
  0.0000000e+000
  0.0000000e+000
  0.0000000e+000
  0.0000000e+000
  0.0000000e+000
  0.0000000e+000
  0.0000000e+000
  0.0000000e+000
  0.0000000e+000
  0.0000000e+000
  0.0000000e+000
  0.0000000e+000
  0.0000000e+000
  0.0000000e+000
  0.0000000e+000
  0.0000000e+000
  0.0000000e+000
  0.0000000e+000
  0.0000000e+000
  0.0000000e+000
  0.0000000e+000
  0.0000000e+000
  0.0000000e+000
  0.0000000e+000
  0.0000000e+000
  0.0000000e+000
  0.0000000e+000
  0.0000000e+000
  0.0000000e+000
  0.0000000e+000
  0.0000000e+000
  0.0000000e+000
  0.0000000e+000
  0.0000000e+000
  0.0000000e+000
  0.0000000e+000
  0.0000000e+000
  0.0000000e+000
  0.0000000e+000
  0.0000000e+000
  0.0000000e+000
  0.0000000e+000
  0.0000000e+000
  0.0000000e+000
  0.0000000e+000
  0.0000000e+000
  0.0000000e+000
  0.0000000e+000
  0.0000000e+000
  0.0000000e+000
  0.0000000e+000
  0.0000000e+000
  0.0000000e+000
  0.0000000e+000
  0.0000000e+000
  0.0000000e+000
  0.0000000e+000
  0.0000000e+000
  0.0000000e+000
  0.0000000e+000
  0.0000000e+000
  0.0000000e+000
  0.0000000e+000
  0.0000000e+000
  0.0000000e+000
  9.0510726e-002
  0.0000000e+000
  0.0000000e+000
  0.0000000e+000
  0.0000000e+000
  0.0000000e+000
  0.0000000e+000
  0.0000000e+000
  5.8861242e+000
  4.5895081e+000
  8.3628652e+000
  3.0724366e-001
  2.5574841e-001
  1.5245058e+000
  1.3327965e+000
  3.3185637e+000
  0.0000000e+000
  2.4570135e+000
  0.0000000e+000
  1.7672323e+000
  1.7804616e+000
  1.3228726e+001
  1.3228726e+001
  1.6920955e+001
  2.1508376e+001
  1.6920955e+001
  2.5306584e+001
  2.7680464e+001
  2.1983152e+001
  3.3377775e+001
  3.5541761e+001
  4.1901076e+001
  5.7621438e+000
  7.7469059e+000
  9.9556911e+000
  3.5643254e+001
  1.7389927e+000
  6.2111532e+000
  1.3254128e+001
  1.8799427e+000
  6.2111532e+000
  1.5690212e+001
  6.6184389e+000
  1.4049221e+001
  2.1508376e+001
  1.5279964e+001
  1.4275886e+001
  1.6151084e+000
  4.6497523e+001
  6.7021915e-002
  0.0000000e+000
  1.6312399e+000
  1.3638974e+001
  1.7331202e+001
  2.8270980e+001
  2.9328158e+001
  1.3228726e+001
  4.7681227e+001
  2.1508376e+001
  2.8155239e+001
  3.0054343e+001
  3.9549862e+001
  3.7175982e+001
  8.8728039e+001
  3.7858336e+001
  1.5221441e+001
  8.4562004e+000
  2.1983152e+001
  1.9382441e+001
  2.9852372e+001
  2.5781360e+001
  4.1879119e+001
  2.6100118e+001
  2.4357032e+001
  2.2932704e+001
  3.1003895e+001
  3.0054343e+001
  2.6171599e+001
  3.6036648e+001
  3.4546663e+001
  2.8242015e+001
  7.3941478e+000
  1.5335999e+001
  2.5606751e+001
  3.4050001e+001
  7.4705877e+001
  2.3620103e+001
  3.9016619e+001
  3.2063354e+001
  3.1070030e+001
  4.6806012e+001
  2.3123442e+001
  3.1566692e+001
  2.9580045e+001
  4.3966287e+001
  5.6609541e+001
  4.0416559e+001
  4.4820860e+001
  4.7455468e+001
  6.4745003e+001
  1.7928800e+001
  7.7905891e+000
  1.1775068e+001
  2.0521601e+001
  3.0076707e+001
  1.1828450e+001
  1.2193773e+001
  1.7064533e+001
  4.1509200e+001
  1.0765958e+001
  1.7853488e+001
  2.3620103e+001
  7.4507245e+001
  3.6583618e+001
  3.1946208e+001
  4.6082647e+001
  4.4510269e+001
  2.3225246e+001
  9.0859682e+000
  1.2500215e+001
  1.8362642e+001
  2.1416820e+001
  2.9475719e+001
  3.8380259e+000
  8.7264093e+000
  7.0460620e-001
  1.4242287e+001
  9.6929563e+000
  2.3452939e+001
  2.9024202e+001
  3.0171318e+001
  3.2465550e+001
  3.0744876e+001
  2.2943909e+001
  2.1925850e+001
  1.1207068e+001
  1.1530355e+001
  2.5943142e+001
  5.1925814e+000
  4.9361057e+001
  4.0505743e+001
  1.2942590e+000
  1.2971353e+001
  1.5804725e+001
  3.1045635e+001
  1.0917616e+001
  6.2226230e+000
  1.3267602e+001
  4.8711527e+000
  2.7869428e+000
  2.0090310e+000
  1.5610949e+000
  7.5787098e+000
  3.4315221e+000
  0.0000000e+000
  0.0000000e+000
  0.0000000e+000
  0.0000000e+000
  0.0000000e+000
  0.0000000e+000
  0.0000000e+000
  0.0000000e+000
  0.0000000e+000
  0.0000000e+000
  0.0000000e+000
  0.0000000e+000
  0.0000000e+000
  0.0000000e+000
  0.0000000e+000
  0.0000000e+000
  0.0000000e+000
  0.0000000e+000
  9.9244893e-001
  0.0000000e+000
  0.0000000e+000
  3.0386960e+000
  0.0000000e+000
  0.0000000e+000
  0.0000000e+000
  7.1091721e+000
  2.3891963e+000
  0.0000000e+000
  0.0000000e+000
  5.3617532e-001
  1.1032986e-002
  0.0000000e+000
  0.0000000e+000
  0.0000000e+000
  0.0000000e+000
  0.0000000e+000
  0.0000000e+000
  0.0000000e+000
  0.0000000e+000
  0.0000000e+000
  0.0000000e+000
  0.0000000e+000
  0.0000000e+000
  0.0000000e+000
  0.0000000e+000
  0.0000000e+000
  0.0000000e+000
  0.0000000e+000
  0.0000000e+000
  0.0000000e+000
  0.0000000e+000
  0.0000000e+000
  0.0000000e+000
  0.0000000e+000
  0.0000000e+000
  0.0000000e+000
  0.0000000e+000
  0.0000000e+000
  0.0000000e+000
  0.0000000e+000
  0.0000000e+000
  0.0000000e+000
  0.0000000e+000
  0.0000000e+000
  0.0000000e+000
  0.0000000e+000
  0.0000000e+000
  0.0000000e+000
  0.0000000e+000
  0.0000000e+000
  0.0000000e+000
  0.0000000e+000
  0.0000000e+000
  0.0000000e+000
  0.0000000e+000
  0.0000000e+000
  0.0000000e+000
  0.0000000e+000
  0.0000000e+000
  0.0000000e+000
  0.0000000e+000
  0.0000000e+000
  0.0000000e+000
  0.0000000e+000
  0.0000000e+000
  0.0000000e+000
  0.0000000e+000
  0.0000000e+000
  0.0000000e+000
  0.0000000e+000
  0.0000000e+000
  0.0000000e+000
  0.0000000e+000
  0.0000000e+000
  0.0000000e+000
  0.0000000e+000
  0.0000000e+000
  0.0000000e+000
  0.0000000e+000
  0.0000000e+000
  0.0000000e+000
  0.0000000e+000
  0.0000000e+000
  0.0000000e+000
  0.0000000e+000
  0.0000000e+000
  0.0000000e+000
  0.0000000e+000
  0.0000000e+000
  0.0000000e+000
  0.0000000e+000
  0.0000000e+000
  0.0000000e+000
  0.0000000e+000
  0.0000000e+000
  0.0000000e+000
  0.0000000e+000
  0.0000000e+000
  0.0000000e+000
  0.0000000e+000
  0.0000000e+000
  0.0000000e+000
  0.0000000e+000
  0.0000000e+000
  0.0000000e+000
  0.0000000e+000
  0.0000000e+000
  0.0000000e+000
  0.0000000e+000
  0.0000000e+000
  0.0000000e+000
  0.0000000e+000
  0.0000000e+000
  0.0000000e+000
  0.0000000e+000
  0.0000000e+000
  0.0000000e+000
  0.0000000e+000
  0.0000000e+000
  0.0000000e+000
  0.0000000e+000
  0.0000000e+000
  0.0000000e+000
  0.0000000e+000
  0.0000000e+000
  0.0000000e+000
  0.0000000e+000
  0.0000000e+000
  0.0000000e+000
  0.0000000e+000
  0.0000000e+000
  0.0000000e+000
  0.0000000e+000
  0.0000000e+000
  0.0000000e+000
  0.0000000e+000
  0.0000000e+000
  0.0000000e+000
  0.0000000e+000
  0.0000000e+000
  0.0000000e+000
  0.0000000e+000
  0.0000000e+000
  0.0000000e+000
  0.0000000e+000
  0.0000000e+000
  0.0000000e+000
  0.0000000e+000
  0.0000000e+000
  0.0000000e+000
  0.0000000e+000
  0.0000000e+000
  0.0000000e+000
  0.0000000e+000
  0.0000000e+000
  0.0000000e+000
  0.0000000e+000
  0.0000000e+000
  0.0000000e+000
  0.0000000e+000
  0.0000000e+000
  0.0000000e+000
  0.0000000e+000
  0.0000000e+000
  0.0000000e+000
  0.0000000e+000
  0.0000000e+000
  0.0000000e+000
  0.0000000e+000
  0.0000000e+000
  0.0000000e+000
  0.0000000e+000
  0.0000000e+000
  0.0000000e+000
  0.0000000e+000
  0.0000000e+000
  0.0000000e+000
  0.0000000e+000
  0.0000000e+000
  0.0000000e+000
  0.0000000e+000
  0.0000000e+000
  3.7398229e+000
  0.0000000e+000
  0.0000000e+000
  0.0000000e+000
  2.4922507e-001
  0.0000000e+000
  0.0000000e+000
  0.0000000e+000
  2.8782026e+000
  1.8799427e+000
  6.8846674e+000
  9.0202131e+000
  1.9564985e+000
  1.6312399e+000
  1.8302022e+000
  5.5376391e+000
  7.3733004e+000
  2.5883495e+001
  2.9547818e+001
  1.8951742e+000
  6.2111532e+000
  1.9792688e+001
  1.9382441e+001
  2.1508376e+001
  2.8449342e+001
  1.0584320e+001
  0.0000000e+000
  0.0000000e+000
  2.2917758e+000
  0.0000000e+000
  1.8799427e+000
  1.4049221e+001
  1.6920955e+001
  9.6930209e+000
  2.9465689e+000
  1.3688951e+000
  2.8401579e+000
  1.2871817e-001
  1.0956479e+001
  1.5279964e+001
  3.1953447e+001
  3.5510987e+001
  3.2428223e+001
  2.9579567e+001
  5.2381768e+000
  5.9866485e+000
  1.7331202e+001
  2.9579567e+001
  6.2431406e+001
  1.9763656e+001
  3.0828807e+001
  2.1316254e+001
  2.0727721e+001
  2.3882256e+001
  1.7741450e+001
  1.8561945e+001
  2.6730912e+001
  3.2902999e+001
  3.7175982e+001
  3.5823211e+001
  4.1905481e+001
  2.3620103e+001
  1.3563988e+001
  2.3169704e-001
  8.3797101e+000
  2.3366069e+001
  3.4230041e+001
  1.3320961e+001
  2.6103412e+001
  2.9580045e+001
  4.2989913e+001
  4.2819703e+001
  4.5086082e+001
  2.8586721e+001
  3.2933834e+001
  4.8055845e+001
  1.6745163e+001
  5.4685238e+000
  1.6398048e+001
  6.5364740e+000
  4.3842585e+000
  4.6245808e+000
  5.5111752e+000
  0.0000000e+000
  0.0000000e+000
  1.1862889e+000
  6.8846674e+000
  1.6100460e+001
  1.5999047e+001
  1.7928800e+001
  2.6600074e+001
  4.1053234e+001
  4.6446477e+001
  5.4379583e+001
  2.5110089e+001
  3.6580795e+001
  2.1211406e+001
  1.5048444e+001
  1.4903865e+001
  1.8793067e+001
  3.2063354e+001
  2.6795329e+001
  2.2213046e+001
  6.3584595e+000
  4.8614782e+001
  2.3449708e+001
  1.1471085e+001
  2.7877086e+001
  3.4759782e+001
  3.8201130e+001
  4.1642478e+001
  4.0495362e+001
  3.4759782e+001
  3.9921804e+001
  4.2216036e+001
  5.4834313e+001
  3.9677193e+001
  4.9848173e+001
  5.0245849e+001
  4.6575046e+001
  5.9815127e+001
  2.2943909e+001
  3.6480456e+001
  3.9348246e+001
  4.1068920e+001
  4.6230943e+001
  2.5593085e+001
  9.8808839e+000
  2.1416820e+001
  3.2599650e+001
  2.7902320e+001
  1.3150820e+001
  1.1822174e+001
  2.0250925e+000
  1.3569126e+000
  2.0455622e-002
  4.7933226e+000
  4.7646867e+000
  1.7043477e+000
  9.8580535e+000
  1.4164247e+001
  3.3039108e+001
  3.8824880e+001
  2.5489058e+001
  2.4980028e+001
  2.8450644e+001
  1.4149725e+001
  1.6212822e-001
  2.8057127e+000
  5.2384837e+001
  6.0105575e+001
  9.2450241e-001
  0.0000000e+000
  1.0840937e+000
  7.7826862e+000
  1.6809805e+000
  6.4326017e+000
  9.3652724e+000
  3.9811951e+001
  2.7020370e+001
  2.6013267e+001
  9.4944999e+000
  7.8227127e-001
  0.0000000e+000
  1.0840937e+000
  2.9519813e+000
  0.0000000e+000
  0.0000000e+000
  0.0000000e+000
  0.0000000e+000
  0.0000000e+000
  0.0000000e+000
  0.0000000e+000
  1.4472520e+001
  4.7734125e+001
  2.2481873e+001
  0.0000000e+000
  4.5671356e-002
  0.0000000e+000
  0.0000000e+000
  0.0000000e+000
  0.0000000e+000
  0.0000000e+000
  0.0000000e+000
  0.0000000e+000
  0.0000000e+000
  0.0000000e+000
  0.0000000e+000
  0.0000000e+000
  0.0000000e+000
  0.0000000e+000
  0.0000000e+000
  0.0000000e+000
  0.0000000e+000
  0.0000000e+000
  0.0000000e+000
  0.0000000e+000
  0.0000000e+000
  0.0000000e+000
  0.0000000e+000
  0.0000000e+000
  0.0000000e+000
  0.0000000e+000
  0.0000000e+000
  0.0000000e+000
  0.0000000e+000
  0.0000000e+000
  0.0000000e+000
  0.0000000e+000
  0.0000000e+000
  0.0000000e+000
  0.0000000e+000
  0.0000000e+000
  0.0000000e+000
  0.0000000e+000
  0.0000000e+000
  0.0000000e+000
  0.0000000e+000
  0.0000000e+000
  0.0000000e+000
  0.0000000e+000
  0.0000000e+000
  0.0000000e+000
  0.0000000e+000
  0.0000000e+000
  0.0000000e+000
  0.0000000e+000
  0.0000000e+000
  0.0000000e+000
  0.0000000e+000
  0.0000000e+000
  0.0000000e+000
  0.0000000e+000
  0.0000000e+000
  0.0000000e+000
  0.0000000e+000
  0.0000000e+000
  0.0000000e+000
  0.0000000e+000
  0.0000000e+000
  0.0000000e+000
  0.0000000e+000
  0.0000000e+000
  0.0000000e+000
  0.0000000e+000
  0.0000000e+000
  0.0000000e+000
  0.0000000e+000
  0.0000000e+000
  0.0000000e+000
  0.0000000e+000
  0.0000000e+000
  0.0000000e+000
  0.0000000e+000
  0.0000000e+000
  0.0000000e+000
  0.0000000e+000
  0.0000000e+000
  0.0000000e+000
  0.0000000e+000
  0.0000000e+000
  0.0000000e+000
  0.0000000e+000
  0.0000000e+000
  0.0000000e+000
  0.0000000e+000
  0.0000000e+000
  0.0000000e+000
  0.0000000e+000
  0.0000000e+000
  0.0000000e+000
  0.0000000e+000
  0.0000000e+000
  0.0000000e+000
  0.0000000e+000
  0.0000000e+000
  0.0000000e+000
  0.0000000e+000
  0.0000000e+000
  0.0000000e+000
  0.0000000e+000
  0.0000000e+000
  0.0000000e+000
  0.0000000e+000
  0.0000000e+000
  0.0000000e+000
  0.0000000e+000
  0.0000000e+000
  0.0000000e+000
  0.0000000e+000
  0.0000000e+000
  0.0000000e+000
  0.0000000e+000
  0.0000000e+000
  0.0000000e+000
  0.0000000e+000
  0.0000000e+000
  0.0000000e+000
  0.0000000e+000
  0.0000000e+000
  0.0000000e+000
  0.0000000e+000
  0.0000000e+000
  0.0000000e+000
  0.0000000e+000
  0.0000000e+000
  0.0000000e+000
  0.0000000e+000
  0.0000000e+000
  0.0000000e+000
  0.0000000e+000
  0.0000000e+000
  0.0000000e+000
  0.0000000e+000
  0.0000000e+000
  0.0000000e+000
  0.0000000e+000
  0.0000000e+000
  0.0000000e+000
  0.0000000e+000
  0.0000000e+000
  0.0000000e+000
  0.0000000e+000
  0.0000000e+000
  0.0000000e+000
  0.0000000e+000
  0.0000000e+000
  0.0000000e+000
  0.0000000e+000
  0.0000000e+000
  0.0000000e+000
  0.0000000e+000
  0.0000000e+000
  0.0000000e+000
  0.0000000e+000
  3.2971764e-001
  0.0000000e+000
  0.0000000e+000
  0.0000000e+000
  0.0000000e+000
  0.0000000e+000
  0.0000000e+000
  0.0000000e+000
  0.0000000e+000
  0.0000000e+000
  0.0000000e+000
  0.0000000e+000
  0.0000000e+000
  0.0000000e+000
  0.0000000e+000
  0.0000000e+000
  0.0000000e+000
  0.0000000e+000
  0.0000000e+000
  0.0000000e+000
  0.0000000e+000
  0.0000000e+000
  0.0000000e+000
  0.0000000e+000
  0.0000000e+000
  0.0000000e+000
  0.0000000e+000
  0.0000000e+000
  0.0000000e+000
  0.0000000e+000
  0.0000000e+000
  0.0000000e+000
  0.0000000e+000
  0.0000000e+000
  0.0000000e+000
  1.2830559e+000
  9.0627299e-002
  2.5743634e-002
  2.5743634e-002
  2.0075204e+000
  1.5245058e+000
  2.2005289e-001
  1.3825371e+000
  1.6312399e+000
  1.4322776e+000
  5.9866485e+000
  5.9866485e+000
  8.0907861e+000
  1.6312399e+000
  1.8799427e+000
  1.0290559e+001
  3.7454968e+000
  2.5574841e-001
  1.8302022e+000
  1.0700054e+001
  1.4798078e-001
  0.0000000e+000
  1.8302022e+000
  5.5376391e+000
  1.6920955e+001
  8.9052098e+000
  1.4869717e+001
  1.4354800e+001
  1.4049221e+001
  1.9792688e+001
  3.1003895e+001
  3.3852551e+001
  3.4258527e+001
  3.2463791e+001
  1.1338342e+000
  5.0097548e+000
  0.0000000e+000
  0.0000000e+000
  1.1965945e+001
  1.5501646e+001
  8.4562004e+000
  2.1290162e+001
  2.4030209e+001
  6.7820717e+000
  0.0000000e+000
  1.4322776e+000
  6.6814882e+000
  6.4356579e+000
  4.3690920e+001
  1.7723757e+001
  1.0607856e+001
  2.9136448e+000
  1.5317588e+000
  6.4356579e+000
  2.1508376e+001
  2.1508376e+001
  2.5306584e+001
  3.0529119e+001
  3.6701206e+001
  4.0499414e+001
  8.9289484e+001
  5.9878036e+001
  2.5306584e+001
  2.9579045e+001
  2.3882256e+001
  2.8630015e+001
  3.2428223e+001
  4.1160141e+001
  3.1478671e+001
  4.1772610e+001
  2.8489534e+001
  1.2216226e+001
  2.4831808e+001
  2.4831808e+001
  1.7331202e+001
  2.1508376e+001
  1.8561945e+001
  3.3910841e+001
  7.6389297e+001
  3.5904616e+000
  1.2532391e+001
  1.2225872e+001
  1.1265058e+001
  1.3809325e+001
  1.5090992e+001
  3.0076707e+001
  3.6312006e+001
  2.6103412e+001
  3.3056677e+001
  3.1566692e+001
  3.6036648e+001
  4.4335302e+001
  4.0009943e+001
  4.2989913e+001
  4.5473222e+001
  4.9943178e+001
  4.4479899e+001
  1.0319153e+002
  4.2833443e+001
  2.0953734e+001
  2.0259058e+001
  3.5428398e+001
  2.9534613e+001
  2.3492349e+001
  1.7064533e+001
  2.7787439e+000
  8.1333195e+000
  2.1385868e+001
  3.6533310e+001
  3.5043325e+001
  3.5962869e+001
  2.2428428e+001
  3.6673911e+001
  5.8820009e+001
  2.0207162e+001
  2.6600074e+001
  3.1566692e+001
  3.2063354e+001
  3.9016619e+001
  4.1499928e+001
  4.2493252e+001
  4.1499928e+001
  2.8669194e+001
  4.2699928e+001
  4.0631171e+001
  1.1754409e+001
  1.9145560e-001
  4.8007898e+000
  4.0683416e+000
  2.2004495e+001
  0.0000000e+000
  3.0677912e+000
  1.8043016e+001
  5.4342657e+001
  0.0000000e+000
  0.0000000e+000
  0.0000000e+000
  0.0000000e+000
  1.1654579e-001
  0.0000000e+000
  2.1737409e-001
  0.0000000e+000
  0.0000000e+000
  0.0000000e+000
  0.0000000e+000
  9.1575858e-001
  1.2333154e+000
  2.9489643e-001
  4.5907334e+000
  3.7984986e+000
  5.4487635e+000
  0.0000000e+000
  0.0000000e+000
  1.0343531e+000
  3.6062876e+000
  1.5317588e+000
  5.7621438e+000
  1.3228726e+001
  1.1041035e+001
  2.2057326e+000
  3.5124869e+000
  1.6021539e+001
  1.1303761e+001
  5.4445097e+000
  3.2316610e+000
  3.2286516e-002
  1.4894685e+000
  2.0624798e+000
  2.5638647e+000
  2.6354911e+000
  7.6405384e+000
  2.7787439e+000
  1.3462156e+000
  7.7320431e-001
  9.3652724e+000
  9.7884547e+000
  2.2974672e+000
  0.0000000e+000
  8.2075418e-001
  1.2687934e-001
  0.0000000e+000
  0.0000000e+000
  0.0000000e+000
  0.0000000e+000
  0.0000000e+000
  0.0000000e+000
  0.0000000e+000
  0.0000000e+000
  0.0000000e+000
  0.0000000e+000
  0.0000000e+000
  0.0000000e+000
  0.0000000e+000
  0.0000000e+000
  0.0000000e+000
  0.0000000e+000
  0.0000000e+000
  0.0000000e+000
  0.0000000e+000
  0.0000000e+000
  0.0000000e+000
  0.0000000e+000
  0.0000000e+000
  0.0000000e+000
  0.0000000e+000
  0.0000000e+000
  0.0000000e+000
  0.0000000e+000
  0.0000000e+000
  0.0000000e+000
  0.0000000e+000
  0.0000000e+000
  0.0000000e+000
  0.0000000e+000
  0.0000000e+000
  0.0000000e+000
  0.0000000e+000
  0.0000000e+000
  0.0000000e+000
  0.0000000e+000
  0.0000000e+000
  0.0000000e+000
  0.0000000e+000
  0.0000000e+000
  0.0000000e+000
  0.0000000e+000
  0.0000000e+000
  0.0000000e+000
  0.0000000e+000
  0.0000000e+000
  0.0000000e+000
  0.0000000e+000
  0.0000000e+000
  0.0000000e+000
  0.0000000e+000
  0.0000000e+000
  0.0000000e+000
  0.0000000e+000
  0.0000000e+000
  0.0000000e+000
  0.0000000e+000
  0.0000000e+000
  0.0000000e+000
  0.0000000e+000
  0.0000000e+000
  0.0000000e+000
  0.0000000e+000
  0.0000000e+000
